Wavelength(nm)	T%
1100		0.006905979
1099.5		0.006659218
1099		0.005855013
1098.5		0.006273352
1098		0.005800531
1097.5		0.006015431
1097		0.006219798
1096.5		0.005906681
1096		0.006148808
1095.5		0.005952994
1095		0.005874186
1094.5		0.005876948
1094		0.006109117
1093.5		0.005493846
1093		0.005220216
1092.5		0.006026984
1092		0.006219102
1091.5		0.005513927
1091		0.004700384
1090.5		0.005235807
1090		0.00538851
1089.5		0.005508914
1089		0.005154411
1088.5		0.004887445
1088		0.00474826
1087.5		0.004787357
1087		0.005001974
1086.5		0.005409194
1086		0.004920711
1085.5		0.004926019
1085		0.004425787
1084.5		0.004684243
1084		0.004984396
1083.5		0.004641701
1083		0.004997199
1082.5		0.004735057
1082		0.00453206
1081.5		0.003950133
1081		0.004296588
1080.5		0.004352992
1080		0.004618315
1079.5		0.004264289
1079		0.004834883
1078.5		0.004437801
1078		0.004486722
1077.5		0.004413854
1077		0.004759555
1076.5		0.00429194
1076		0.003859787
1075.5		0.00387941
1075		0.004563718
1074.5		0.004004834
1074		0.003870636
1073.5		0.003875604
1073		0.003686235
1072.5		0.004441764
1072		0.003814392
1071.5		0.004204381
1071		0.003943295
1070.5		0.004000289
1070		0.004194899
1069.5		0.004111794
1069		0.003531915
1068.5		0.003582111
1068		0.00394268
1067.5		0.003828407
1067		0.003663717
1066.5		0.0040476
1066		0.003616442
1065.5		0.004110579
1065		0.003792409
1064.5		0.003360892
1064		0.00330636
1063.5		0.003829978
1063		0.004308942
1062.5		0.003360721
1062		0.003671321
1061.5		0.003506069
1061		0.003806876
1060.5		0.003909564
1060		0.003338531
1059.5		0.003484287
1059		0.003690388
1058.5		0.003824439
1058		0.003529503
1057.5		0.003463476
1057		0.003882852
1056.5		0.004020074
1056		0.003531697
1055.5		0.003436816
1055		0.003787835
1054.5		0.003217824
1054		0.003460381
1053.5		0.003633486
1053		0.003596498
1052.5		0.003103412
1052		0.004300995
1051.5		0.003850491
1051		0.003497126
1050.5		0.003863375
1050		0.003664823
1049.5		0.003529131
1049		0.0034895
1048.5		0.00396904
1048		0.003368344
1047.5		0.003042777
1047		0.003434438
1046.5		0.003471399
1046		0.003442873
1045.5		0.003472226
1045		0.003198217
1044.5		0.002927894
1044		0.003259704
1043.5		0.003356509
1043		0.003507733
1042.5		0.003506694
1042		0.003312438
1041.5		0.003556343
1041		0.003258634
1040.5		0.003584047
1040		0.003252953
1039.5		0.003142125
1039		0.003094875
1038.5		0.003441242
1038		0.003887496
1037.5		0.003408815
1037		0.003344069
1036.5		0.003939577
1036		0.003612607
1035.5		0.003260953
1035		0.003039239
1034.5		0.003406288
1034		0.004117437
1033.5		0.003813843
1033		0.003599758
1032.5		0.003382873
1032		0.003247781
1031.5		0.00348178
1031		0.003658172
1030.5		0.003875791
1030		0.004572625
1029.5		0.003287563
1029		0.002984239
1028.5		0.003874369
1028		0.003620472
1027.5		0.003196285
1027		0.003255134
1026.5		0.003873157
1026		0.003694054
1025.5		0.003862766
1025		0.003493967
1024.5		0.003459734
1024		0.002997051
1023.5		0.003625305
1023		0.002710071
1022.5		0.003012493
1022		0.003515906
1021.5		0.002771655
1021		0.003454818
1020.5		0.003748199
1020		0.003585659
1019.5		0.002797915
1019		0.003165104
1018.5		0.003266101
1018		0.004178042
1017.5		0.002809007
1017		0.003469222
1016.5		0.003420658
1016		0.00319751
1015.5		0.003207695
1015		0.003578542
1014.5		0.003114467
1014		0.003300175
1013.5		0.003442819
1013		0.003516076
1012.5		0.002625007
1012		0.002973689
1011.5		0.003138382
1011		0.003509894
1010.5		0.003157881
1010		0.003269413
1009.5		0.00330893
1009		0.003106374
1008.5		0.00306908
1008		0.003317303
1007.5		0.003459119
1007		0.00348196
1006.5		0.003442583
1006		0.002995629
1005.5		0.004201673
1005		0.003455588
1004.5		0.003600348
1004		0.003458945
1003.5		0.003244782
1003		0.003708882
1002.5		0.003442419
1002		0.003238033
1001.5		0.00289198
1001		0.002640645
1000.5		0.003116049
1000		0.003589067
999.5		0.003063944
999		0.002827228
998.5		0.003262494
998		0.003019135
997.5		0.003356411
997		0.003277405
996.5		0.003484767
996		0.003350841
995.5		0.003618217
995		0.003222459
994.5		0.003125408
994		0.003142421
993.5		0.003303013
993		0.003491702
992.5		0.00407579
992		0.003709568
991.5		0.003064449
991		0.002955649
990.5		0.003157069
990		0.003809755
989.5		0.00308857
989		0.003497374
988.5		0.00342201
988		0.002877445
987.5		0.003520371
987		0.003534905
986.5		0.003534413
986		0.003306475
985.5		0.003137572
985		0.002828007
984.5		0.003425794
984		0.002754644
983.5		0.003657698
983		0.003171673
982.5		0.003275965
982		0.003674263
981.5		0.003213419
981		0.00367876
980.5		0.002997144
980		0.003589051
979.5		0.003139777
979		0.003238115
978.5		0.003270142
978		0.003367332
977.5		0.003140481
977		0.003388817
976.5		0.003150503
976		0.003349927
975.5		0.002945261
975		0.003526217
974.5		0.003381512
974		0.003468322
973.5		0.002706033
973		0.00357858
972.5		0.003482154
972		0.003284842
971.5		0.003225455
971		0.00275003
970.5		0.003512885
970		0.003221482
969.5		0.003381232
969		0.003748107
968.5		0.002940541
968		0.002950069
967.5		0.002482339
967		0.00299684
966.5		0.003062914
966		0.003160622
965.5		0.002882564
965		0.002940328
964.5		0.002988305
964		0.003781803
963.5		0.003261931
963		0.003627162
962.5		0.003270373
962		0.003198345
961.5		0.004160163
961		0.003503179
960.5		0.003131947
960		0.003629157
959.5		0.003415573
959		0.003199489
958.5		0.003698122
958		0.003089336
957.5		0.003797893
957		0.003344529
956.5		0.003291031
956		0.003203579
955.5		0.003538753
955		0.002994616
954.5		0.003075345
954		0.00318139
953.5		0.003345676
953		0.003332931
952.5		0.00322544
952		0.003144302
951.5		0.003325463
951		0.003012086
950.5		0.003273759
950		0.003445336
949.5		0.002723668
949		0.003134693
948.5		0.003116032
948		0.00355193
947.5		0.003224063
947		0.004075061
946.5		0.003132068
946		0.003276912
945.5		0.00336865
945		0.003275308
944.5		0.003554542
944		0.003659831
943.5		0.003881875
943		0.003234347
942.5		0.003921018
942		0.002879686
941.5		0.003929303
941		0.003371384
940.5		0.003418404
940		0.003464618
939.5		0.003301952
939		0.003365217
938.5		0.003571659
938		0.003104705
937.5		0.002932142
937		0.003604799
936.5		0.003878657
936		0.003214342
935.5		0.003479188
935		0.00305409
934.5		0.003365974
934		0.003514529
933.5		0.00296134
933		0.003531116
932.5		0.002654816
932		0.003269453
931.5		0.003339004
931		0.003869669
930.5		0.003787391
930		0.003232085
929.5		0.003137183
929		0.003369088
928.5		0.003370699
928		0.002525588
927.5		0.003250449
927		0.003504318
926.5		0.003309903
926		0.003472959
925.5		0.003641313
925		0.00360803
924.5		0.003154987
924		0.003150797
923.5		0.002549638
923		0.003473038
922.5		0.003052228
922		0.003483604
921.5		0.003764302
921		0.002972344
920.5		0.002686153
920		0.003019633
919.5		0.003005753
919		0.003333517
918.5		0.00331399
918		0.00329086
917.5		0.003549858
917		0.002426577
916.5		0.003223078
916		0.003449041
915.5		0.002779465
915		0.003021348
914.5		0.003673546
914		0.003087283
913.5		0.003441847
913		0.003451687
912.5		0.003555833
912		0.003030222
911.5		0.003164715
911		0.003645913
910.5		0.003184483
910		0.003911664
909.5		0.003485849
909		0.003027886
908.5		0.00376727
908		0.003724109
907.5		0.003408682
907		0.003499686
906.5		0.003490423
906		0.00280249
905.5		0.003210978
905		0.003560763
904.5		0.00306979
904		0.003871675
903.5		0.003484959
903		0.003129404
902.5		0.003444785
902		0.003132365
901.5		0.003307395
901		0.003634199
900.5		0.00419162
900		0.00366025
899.5		0.003139646
899		0.003101316
898.5		0.002885439
898		0.004045761
897.5		0.00318915
897		0.00289309
896.5		0.003419394
896		0.003500474
895.5		0.003751728
895		0.003248509
894.5		0.003156173
894		0.003362359
893.5		0.004298891
893		0.003047663
892.5		0.003867532
892		0.003051904
891.5		0.002889496
891		0.003549622
890.5		0.003319445
890		0.003164258
889.5		0.003510164
889		0.003087221
888.5		0.003396863
888		0.003016182
887.5		0.003588303
887		0.002910099
886.5		0.00308056
886		0.002950538
885.5		0.003263154
885		0.003531213
884.5		0.002903894
884		0.00344787
883.5		0.003583803
883		0.003490425
882.5		0.003013508
882		0.003065548
881.5		0.003483844
881		0.002623736
880.5		0.00287482
880		0.003225261
879.5		-0.001366824
879		-4.06E-05
878.5		0.000165565
878		0.000268925
877.5		3.59E-05
877		4.62E-06
876.5		0.000282222
876		8.46E-05
875.5		0.000215636
875		5.83E-05
874.5		0.000254149
874		-1.37E-05
873.5		0.000108255
873		0.000289951
872.5		3.25E-05
872		0.000265851
871.5		4.53E-05
871		0.000271813
870.5		9.57E-05
870		0.000169889
869.5		0.00011218
869		6.87E-05
868.5		0.000137509
868		5.37E-05
867.5		0.000127298
867		5.97E-05
866.5		0.000188482
866		-2.84E-05
865.5		6.11E-05
865		0.000210737
864.5		-2.00E-05
864		0.000387029
863.5		0.00012735
863		-5.89E-05
862.5		0.000330705
862		4.39E-05
861.5		0.00018941
861		0.000123098
860.5		0.000215765
860		3.42E-05
859.5		5.33E-05
859		0.000181695
858.5		0.00010244
858		1.10E-05
857.5		9.90E-05
857		-3.59E-05
856.5		0.000142434
856		-2.19E-06
855.5		1.03E-05
855		9.02E-05
854.5		2.24E-05
854		0.0001055
853.5		7.28E-05
853		6.60E-06
852.5		0.000173827
852		5.21E-05
851.5		0.000198439
851		0.000152598
850.5		1.57E-05
850		0.000193078
849.5		3.27E-05
849		-3.34E-05
848.5		0.000163661
848		4.12E-05
847.5		4.51E-05
847		0.000126393
846.5		0.00012588
846		5.41E-05
845.5		0.000144477
845		0.000121853
844.5		4.49E-05
844		0.000182988
843.5		-4.40E-05
843		9.12E-05
842.5		0.000118686
842		0.000165146
841.5		8.63E-05
841		0.000103796
840.5		8.54E-05
840		5.47E-05
839.5		0.000159636
839		-1.22E-06
838.5		8.28E-05
838		0.000132272
837.5		5.06E-05
837		1.96E-05
836.5		0.000139996
836		0.000175148
835.5		-7.55E-05
835		7.25E-05
834.5		4.80E-05
834		8.50E-05
833.5		3.16E-06
833		5.75E-05
832.5		1.49E-05
832		0.000119787
831.5		2.48E-05
831		0.000205086
830.5		6.51E-06
830		5.35E-05
829.5		0.000208524
829		3.01E-05
828.5		6.45E-05
828		3.31E-05
827.5		2.73E-05
827		7.82E-05
826.5		0.000182972
826		6.28E-05
825.5		8.98E-05
825		3.65E-05
824.5		-2.03E-05
824		0.00010511
823.5		0.000180864
823		5.18E-05
822.5		6.17E-06
822		0.000127777
821.5		7.05E-05
821		4.35E-05
820.5		5.70E-05
820		7.77E-05
819.5		7.77E-05
819		0.000209216
818.5		1.64E-05
818		5.67E-05
817.5		-2.94E-05
817		4.55E-05
816.5		0.000174934
816		5.07E-05
815.5		-9.05E-05
815		0.000103232
814.5		5.43E-05
814		0.000127717
813.5		6.93E-05
813		0.000138418
812.5		-2.80E-05
812		-8.72E-06
811.5		-8.96E-06
811		8.99E-05
810.5		-3.70E-05
810		-8.23E-06
809.5		-1.96E-05
809		0.000146015
808.5		0.000158292
808		-1.60E-06
807.5		9.90E-05
807		0.000111086
806.5		0.000129007
806		0.000166004
805.5		8.04E-05
805		0.000133916
804.5		-8.83E-06
804		7.86E-05
803.5		0.000105668
803		0.000101291
802.5		5.92E-05
802		0.000112904
801.5		0.00019012
801		9.79E-05
800.5		5.08E-05
800		0.000241926
799.5		0.000157053
799		0.00021928
798.5		0.000120304
798		0.000223578
797.5		0.000118441
797		0.000122513
796.5		0.000134377
796		0.000256031
795.5		0.000139613
795		9.79E-05
794.5		0.000170387
794		0.000160758
793.5		0.000175697
793		0.000208381
792.5		0.00026445
792		0.000177622
791.5		0.000110468
791		0.000138026
790.5		0.000147523
790		3.93E-05
789.5		6.50E-05
789		9.99E-05
788.5		0.000141927
788		6.66E-06
787.5		5.13E-06
787		6.99E-05
786.5		0.000127185
786		5.31E-05
785.5		0.000158614
785		4.15E-05
784.5		5.58E-05
784		0.000144826
783.5		0.000138167
783		9.94E-05
782.5		0.000147387
782		8.57E-05
781.5		0.000120114
781		0.000110107
780.5		-3.25E-05
780		5.24E-05
779.5		0.000126694
779		0.000131878
778.5		8.82E-05
778		0.000139166
777.5		0.000244617
777		0.00010529
776.5		0.000182405
776		0.000258901
775.5		0.000323252
775		0.000202062
774.5		0.000382328
774		0.000499973
773.5		0.000653322
773		0.000591998
772.5		0.000760932
772		0.000849718
771.5		0.000917911
771		0.0009681
770.5		0.000902015
770		0.000980432
769.5		0.000678592
769		0.000545056
768.5		0.000441706
768		0.000317618
767.5		0.000265005
767		0.000230023
766.5		0.000260791
766		0.00020854
765.5		0.000180367
765		0.000257916
764.5		8.39E-05
764		0.00017438
763.5		0.000135448
763		0.000172951
762.5		0.000179558
762		0.000103797
761.5		0.000136538
761		0.000201698
760.5		9.74E-05
760		9.03E-05
759.5		7.53E-05
759		0.000180019
758.5		0.000207587
758		5.01E-05
757.5		7.10E-05
757		0.000123501
756.5		0.000230578
756		0.000342744
755.5		0.000650004
755		0.000952909
754.5		0.001532934
754		0.002032037
753.5		0.002292788
753		0.002037761
752.5		0.001508576
752		0.000973075
751.5		0.000482805
751		0.000131691
750.5		0.000167306
750		0.000122085
749.5		5.85E-05
749		6.88E-05
748.5		1.06E-05
748		0.000146386
747.5		9.18E-05
747		-6.42E-05
746.5		9.96E-05
746		-0.000115257
745.5		4.79E-05
745		0.000257303
744.5		1.29E-05
744		4.52E-06
743.5		6.20E-05
743		7.29E-05
742.5		1.38E-05
742		0.000183028
741.5		0.000133761
741		3.05E-05
740.5		2.76E-05
740		7.59E-05
739.5		2.64E-06
739		3.24E-05
738.5		9.37E-05
738		8.65E-05
737.5		-3.16E-05
737		4.00E-06
736.5		1.79E-05
736		4.48E-05
735.5		0.000123633
735		-5.20E-05
734.5		-2.32E-05
734		-2.42E-05
733.5		-9.74E-05
733		-2.50E-05
732.5		0.000101333
732		-2.67E-05
731.5		-1.72E-06
731		-3.57E-05
730.5		4.75E-05
730		-2.24E-05
729.5		7.53E-05
729		-5.88E-05
728.5		-0.000111218
728		-7.76E-05
727.5		4.39E-05
727		5.14E-05
726.5		6.07E-06
726		-1.99E-05
725.5		-2.32E-05
725		7.15E-05
724.5		1.84E-05
724		2.81E-05
723.5		-3.65E-05
723		1.97E-05
722.5		7.26E-05
722		0.000140983
721.5		0.0001052
721		0.000103612
720.5		-3.94E-05
720		2.94E-05
719.5		-9.60E-06
719		3.39E-05
718.5		8.11E-05
718		-3.06E-05
717.5		-0.000151502
717		0.000137163
716.5		4.82E-05
716		6.98E-05
715.5		-4.35E-05
715		2.03E-05
714.5		2.09E-05
714		8.49E-07
713.5		9.21E-05
713		2.70E-05
712.5		2.99E-05
712		9.54E-06
711.5		6.38E-05
711		0.000104993
710.5		-1.95E-05
710		-5.00E-05
709.5		2.77E-05
709		4.99E-05
708.5		-2.77E-05
708		9.27E-06
707.5		4.59E-06
707		-1.07E-05
706.5		7.63E-05
706		-3.90E-05
705.5		7.63E-05
705		-3.10E-05
704.5		0.000101021
704		6.54E-05
703.5		9.40E-06
703		2.76E-05
702.5		-4.93E-06
702		0.000148686
701.5		-6.19E-05
701		3.23E-05
700.5		-1.18E-05
700		1.09E-05
699.5		3.43E-05
699		5.28E-05
698.5		1.22E-05
698		0.000114388
697.5		-6.80E-05
697		4.50E-05
696.5		-4.22E-05
696		4.72E-05
695.5		9.94E-05
695		1.42E-06
694.5		-3.62E-07
694		-1.63E-05
693.5		6.39E-05
693		6.57E-05
692.5		6.38E-05
692		-6.07E-05
691.5		-8.51E-05
691		0.000145404
690.5		8.24E-05
690		-0.000106432
689.5		1.64E-05
689		0.000119973
688.5		0.000124954
688		-1.31E-05
687.5		-4.15E-05
687		0.000185549
686.5		-1.17E-06
686		4.73E-05
685.5		7.08E-06
685		3.86E-05
684.5		-4.02E-05
684		4.22E-05
683.5		-3.61E-05
683		6.55E-05
682.5		6.57E-05
682		-0.000101354
681.5		-1.22E-05
681		9.07E-05
680.5		0.000208263
680		3.00E-05
679.5		-3.45E-05
679		-7.67E-05
678.5		4.84E-05
678		3.67E-05
677.5		-2.19E-05
677		-2.12E-05
676.5		0.000106913
676		-1.22E-05
675.5		-3.99E-07
675		-2.35E-05
674.5		8.02E-05
674		-6.05E-06
673.5		1.70E-05
673		-5.96E-06
672.5		-1.76E-05
672		-5.16E-05
671.5		-7.75E-07
671		-1.94E-05
670.5		1.06E-06
670		-6.62E-05
669.5		-9.39E-07
669		8.79E-06
668.5		5.25E-05
668		0.000156084
667.5		6.31E-05
667		5.29E-05
666.5		2.74E-05
666		-5.13E-05
665.5		3.79E-05
665		6.99E-06
664.5		3.04E-05
664		1.11E-05
663.5		3.14E-05
663		-1.04E-05
662.5		-0.000108424
662		0.000158596
661.5		4.15E-05
661		-7.23E-05
660.5		-4.16E-05
660		-6.12E-05
659.5		-6.31E-05
659		-3.48E-05
658.5		1.92E-05
658		-4.57E-05
657.5		4.06E-05
657		-5.22E-05
656.5		-9.88E-07
656		-6.42E-05
655.5		5.03E-05
655		9.71E-05
654.5		6.74E-05
654		0.000136601
653.5		-2.98E-06
653		-4.15E-06
652.5		4.50E-05
652		3.38E-05
651.5		5.36E-05
651		2.39E-05
650.5		-7.37E-05
650		7.54E-05
649.5		3.66E-05
649		1.53E-05
648.5		8.34E-06
648		3.57E-05
647.5		6.65E-05
647		-1.37E-05
646.5		-0.0001017
646		7.60E-05
645.5		-7.65E-06
645		-6.10E-05
644.5		-1.36E-05
644		-1.88E-05
643.5		3.89E-05
643		6.16E-05
642.5		6.93E-05
642		-1.23E-05
641.5		0.000110852
641		-3.75E-05
640.5		-2.09E-05
640		-7.27E-05
639.5		-5.72E-05
639		5.39E-05
638.5		9.47E-05
638		3.23E-06
637.5		1.97E-05
637		2.78E-05
636.5		-0.000154075
636		2.38E-05
635.5		1.61E-05
635		-4.53E-06
634.5		-5.74E-05
634		-2.32E-05
633.5		2.45E-05
633		2.73E-05
632.5		7.55E-05
632		-1.55E-07
631.5		9.16E-06
631		-0.000113126
630.5		2.98E-05
630		-5.07E-05
629.5		5.31E-05
629		0.000127974
628.5		6.20E-06
628		8.20E-05
627.5		-6.85E-05
627		-1.85E-05
626.5		-8.55E-05
626		9.16E-05
625.5		-8.35E-05
625		9.18E-05
624.5		1.48E-05
624		8.04E-05
623.5		-2.86E-05
623		-5.24E-05
622.5		4.47E-05
622		0.000102385
621.5		1.82E-05
621		-5.20E-05
620.5		8.48E-05
620		7.53E-05
619.5		7.42E-05
619		6.97E-06
618.5		-7.63E-06
618		-3.08E-06
617.5		7.82E-05
617		0.000140986
616.5		4.68E-05
616		4.86E-06
615.5		5.26E-05
615		-4.59E-05
614.5		2.05E-05
614		-6.32E-05
613.5		1.15E-06
613		0.000136443
612.5		4.49E-05
612		-4.84E-05
611.5		-7.27E-06
611		1.05E-05
610.5		1.32E-05
610		-0.000102155
609.5		-2.00E-06
609		-8.22E-06
608.5		4.34E-05
608		-4.03E-06
607.5		4.22E-05
607		5.76E-05
606.5		-5.04E-06
606		8.82E-05
605.5		4.87E-05
605		6.93E-05
604.5		-4.60E-05
604		2.50E-05
603.5		6.15E-05
603		-2.27E-05
602.5		7.22E-05
602		0.000117928
601.5		0.000107582
601		-8.10E-06
600.5		-6.58E-05
600		2.86E-05
599.5		-5.43E-06
599		-7.20E-05
598.5		-5.00E-05
598		2.28E-05
597.5		-2.45E-05
597		-4.35E-05
596.5		9.61E-05
596		0.000116638
595.5		6.49E-05
595		9.79E-05
594.5		-6.77E-05
594		-2.78E-05
593.5		0.000120427
593		5.64E-05
592.5		-3.48E-05
592		5.63E-05
591.5		9.62E-05
591		4.20E-05
590.5		-8.31E-05
590		9.57E-06
589.5		8.79E-05
589		2.63E-05
588.5		5.85E-05
588		0.000142882
587.5		5.13E-05
587		0.000214639
586.5		5.33E-05
586		0.000187791
585.5		3.65E-05
585		1.97E-05
584.5		5.85E-05
584		-8.26E-05
583.5		0.000144291
583		0.000134207
582.5		0.000258358
582		-4.56E-06
581.5		9.72E-05
581		7.20E-05
580.5		0.000107072
580		7.53E-05
579.5		9.32E-05
579		7.57E-05
578.5		9.75E-05
578		0.000108412
577.5		0.000193862
577		3.82E-05
576.5		0.00015535
576		0.000135444
575.5		0.000166315
575		0.000173856
574.5		0.000253312
574		0.000261249
573.5		0.000242157
573		0.000264455
572.5		0.000297671
572		0.000339119
571.5		0.000293086
571		0.000333297
570.5		0.000339788
570		0.000439692
569.5		0.000494665
569		0.000484301
568.5		0.000718424
568		0.000947604
567.5		0.001009117
567		0.00104954
566.5		0.001362097
566		0.001654054
565.5		0.00194589
565		0.002473737
564.5		0.003089285
564		0.003739162
563.5		0.004713484
563		0.005911049
562.5		0.007511931
562		0.009668115
561.5		0.012736939
561		0.016557073
560.5		0.021881022
560		0.029321728
559.5		0.039668135
559		0.054171316
558.5		0.07472834
558		0.10473112
557.5		0.148152918
557		0.211426213
556.5		0.307202011
556		0.45187515
555.5		0.672385991
555		1.02455759
554.5		1.573871136
554		2.425766706
553.5		3.79072237
553		5.92849493
552.5		9.126038551
552		13.86325836
551.5		20.33161736
551		28.44235611
550.5		37.79327393
550		47.83802414
549.5		57.65591431
549		66.37783813
548.5		73.72856903
548		79.3839798
547.5		83.44121552
547		86.32683563
546.5		88.21868896
546		89.32158661
545.5		89.87882996
545		90.06452942
544.5		89.99760437
544		89.84039307
543.5		89.68681335
543		89.6230011
542.5		89.68669891
542		89.89579773
541.5		90.21775055
541		90.62571716
540.5		91.0742569
540		91.52153778
539.5		91.89784241
539		92.17699432
538.5		92.3473587
538		92.39411926
537.5		92.31748962
537		92.14640808
536.5		91.90797424
536		91.63175964
535.5		91.36582184
535		91.15509033
534.5		91.01421356
534		90.97146606
533.5		91.01443481
533		91.21432495
532.5		91.51470947
532		91.89069366
531.5		92.31596375
531		92.77449036
530.5		93.23120117
530		93.66056061
529.5		94.03313446
529		94.333992
528.5		94.54444885
528		94.64788818
527.5		94.6518631
527		94.54524231
526.5		94.36447144
526		94.11712646
525.5		93.83338928
525		93.56085968
524.5		93.2929306
524		93.0566864
523.5		92.87338257
523		92.73891449
522.5		92.66683197
522		92.6648941
521.5		92.72076416
521		92.83999634
520.5		93.00653076
520		93.19930267
519.5		93.41947174
519		93.64584351
518.5		93.84976196
518		94.0394516
517.5		94.17745209
517		94.29273987
516.5		94.37122345
516		94.43104553
515.5		94.43842316
515		94.44739532
514.5		94.40603638
514		94.375
513.5		94.34091187
513		94.31310272
512.5		94.32644653
512		94.36077881
511.5		94.43174744
511		94.53565979
510.5		94.65567017
510		94.80310059
509.5		94.97316742
509		95.13409424
508.5		95.31406403
508		95.48488617
507.5		95.64893341
507		95.77839661
506.5		95.87825775
506		95.9446106
505.5		95.96576691
505		95.96092987
504.5		95.93362427
504		95.88382721
503.5		95.82041168
503		95.76057434
502.5		95.68247986
502		95.60280609
501.5		95.55793762
501		95.52300262
500.5		95.51286316
500		95.54037476
499.5		95.59710693
499		95.66066742
498.5		95.74856567
498		95.83329773
497.5		95.92726898
497		96.02458954
496.5		96.10717773
496		96.17747498
495.5		96.22370911
495		96.23561859
494.5		96.21933746
494		96.16390228
493.5		96.07193756
493		95.96894073
492.5		95.85106659
492		95.72154999
491.5		95.58665466
491		95.45180511
490.5		95.31673431
490		95.19731903
489.5		95.10709381
489		95.04114532
488.5		95.00579834
488		94.98371124
487.5		94.9876709
487		94.98323822
486.5		95.00189972
486		95.0153656
485.5		95.02936554
485		95.02172089
484.5		95.00665283
484		94.95516968
483.5		94.86389923
483		94.73731232
482.5		94.58714294
482		94.40799713
481.5		94.21356201
481		94.00750732
480.5		93.79557037
480		93.57952118
479.5		93.37063599
479		93.18682098
478.5		93.03972626
478		92.94404602
477.5		92.87863922
477		92.87759399
476.5		92.90507507
476		92.98281097
475.5		93.10061646
475		93.2779007
474.5		93.47830963
474		93.71003723
473.5		93.96867371
473		94.21390533
472.5		94.47144318
472		94.7142868
471.5		94.95059967
471		95.1552887
470.5		95.34586334
470		95.49354553
469.5		95.60784149
469		95.67613983
468.5		95.71469116
468		95.72912598
467.5		95.71237183
467		95.65846252
466.5		95.5821991
466		95.48152161
465.5		95.36368561
465		95.22505188
464.5		95.08115387
464		94.93177032
463.5		94.77674103
463		94.6140976
462.5		94.44460297
462		94.29491425
461.5		94.1365509
461		94.01165771
460.5		93.88779449
460		93.79219055
459.5		93.70828247
459		93.66874695
458.5		93.64292908
458		93.65384674
457.5		93.70385742
457		93.77783203
456.5		93.87025452
456		93.98744965
455.5		94.11891937
455		94.27713013
454.5		94.4352417
454		94.59747314
453.5		94.74147034
453		94.86128998
452.5		94.97888947
452		95.06255341
451.5		95.11934662
451		95.15858459
450.5		95.1651001
450		95.13330078
449.5		95.0943222
449		95.03649139
448.5		94.96543884
448		94.89466858
447.5		94.81807709
447		94.75009155
446.5		94.68423462
446		94.63352203
445.5		94.58696747
445		94.56045532
444.5		94.52310181
444		94.49325562
443.5		94.44467163
443		94.39890289
442.5		94.33345795
442		94.25650024
441.5		94.14133453
441		94.0042038
440.5		93.83815765
440		93.65048981
439.5		93.45319366
439		93.23716736
438.5		93.00909424
438		92.78271484
437.5		92.57516479
437		92.38101196
436.5		92.204422
436		92.06238556
435.5		91.93756104
435		91.84294891
434.5		91.77925873
434		91.71806335
433.5		91.70224762
433		91.68443298
432.5		91.67927551
432		91.67737579
431.5		91.67282104
431		91.67740631
430.5		91.70199585
430		91.73002625
429.5		91.77529144
429		91.84268188
428.5		91.93710327
428		92.07502747
427.5		92.26191711
427		92.46932983
426.5		92.70383453
426		92.97924042
425.5		93.25289917
425		93.52623749
424.5		93.77341461
424		93.97851563
423.5		94.12597656
423		94.19846344
422.5		94.19668579
422		94.09894562
421.5		93.94031525
421		93.70494843
420.5		93.44015503
420		93.18278503
419.5		92.88726807
419		92.67514801
418.5		92.52947998
418		92.42345428
417.5		92.39067841
417		92.42047882
416.5		92.48509216
416		92.57173157
415.5		92.64041901
415		92.67311096
414.5		92.6063385
414		92.50714111
413.5		92.27759552
413		91.95435333
412.5		91.54611969
412		91.10839081
411.5		90.63030243
411		90.18482208
410.5		89.79762268
410		89.50200653
409.5		89.32093811
409		89.24435425
408.5		89.28145599
408		89.38782501
407.5		89.52669525
407		89.66452789
406.5		89.76635742
406		89.76542664
405.5		89.65757751
405		89.46128845
404.5		89.16107178
404		88.81633759
403.5		88.4766922
403		88.18652344
402.5		87.97540283
402		87.87637329
401.5		87.86042023
401		87.90494537
400.5		87.90750885
400		87.78417969
399.5		87.33997345
399		86.41153717
398.5		84.59287262
398		81.36289215
397.5		76.20738983
397		68.34453583
396.5		58.06806564
396		46.39872742
395.5		34.33386612
395		23.60837364
394.5		14.99458408
394		8.915837288
393.5		5.067237854
393		2.818753481
392.5		1.584367871
392		0.893400073
391.5		0.512713492
391		0.303955883
390.5		0.180797577
390		0.109935924
389.5		0.068565175
389		0.043576151
388.5		0.028054871
388		0.018295944
387.5		0.012236323
387		0.008286287
386.5		0.005693646
386		0.003972191
385.5		0.002875364
385		0.002160495
384.5		0.001509578
384		0.001183599
383.5		0.00090827
383		0.000767896
382.5		0.000600329
382		0.000473259
381.5		0.000571736
381		0.000402447
380.5		0.000400977
380		0.000456149
379.5		0.000390563
379		0.000374704
378.5		0.000313855
378		0.000403373
377.5		0.000403097
377		0.000415841
376.5		0.000345947
376		0.000305349
375.5		0.00044356
375		0.000324777
374.5		0.000268223
374		0.000434497
373.5		0.000253833
373		0.000440849
372.5		0.000458016
372		0.000486748
371.5		0.00034329
371		0.000330923
370.5		0.0003279
370		0.000321479
369.5		0.000244151
369		0.000448417
368.5		0.000313255
368		0.000341857
367.5		0.000367536
367		0.000337165
366.5		0.000408267
366		0.000347292
365.5		0.000411383
365		0.000388083
364.5		0.000386342
364		0.000353987
363.5		0.000368993
363		0.000240636
362.5		0.000322705
362		0.000345444
361.5		0.000388226
361		0.000299679
360.5		0.000181648
360		0.000370992
359.5		0.000431574
359		0.000348959
358.5		0.000225841
358		0.000345078
357.5		0.000497835
357		0.000452819
356.5		0.000355475
356		0.000396691
355.5		0.000461537
355		0.000481503
354.5		0.000459689
354		0.000424869
353.5		0.000282744
353		0.000366232
352.5		0.0002715
352		0.000423235
351.5		0.000477143
351		0.000306874
350.5		0.000383937
350		0.000385715
349.5		-0.000553966
349		0.000442336
348.5		0.000217403
348		0.000391806
347.5		0.000287644
347		0.000310376
346.5		0.000340282
346		0.000417111
345.5		0.000385849
345		0.000372598
344.5		0.000343724
344		0.000398739
343.5		0.000382063
343		0.000286033
342.5		0.000357644
342		0.000403603
341.5		0.000278618
341		0.000319096
340.5		0.000264016
340		0.00025155
339.5		0.000309693
339		0.000386392
338.5		0.0003522
338		0.0003277
337.5		0.000335919
337		0.000400755
336.5		0.000368038
336		0.000520732
335.5		0.000327867
335		0.000259
334.5		0.000367403
334		0.000406228
333.5		0.000294373
333		0.000347276
332.5		0.000551016
332		0.000338753
331.5		0.000369869
331		0.000384177
330.5		0.000313556
330		0.000368687
329.5		0.000381033
329		0.000452694
328.5		0.000392488
328		0.000368928
327.5		0.000278603
327		0.000382946
326.5		0.000347822
326		0.000286109
325.5		0.000305836
325		0.00052761
324.5		0.000298828
324		0.000334496
323.5		0.000274679
323		0.000378002
322.5		0.000357701
322		0.000381092
321.5		0.000395918
321		0.000352825
320.5		0.000277174
320		0.000437095
319.5		0.000431155
319		0.000263103
318.5		0.0001417
318		0.000348005
317.5		0.000172197
317		0.000282555
316.5		0.000324663
316		0.000343754
315.5		0.000328564
315		0.0003932
314.5		0.000347442
314		0.000243051
313.5		0.000282759
313		0.000396662
312.5		0.000365829
312		0.000322461
311.5		0.000271724
311		0.000315349
310.5		0.000297426
310		0.000325668
309.5		0.000471731
309		0.000329541
308.5		0.000333336
308		0.000355128
307.5		0.000371132
307		0.000447199
306.5		0.000367985
306		0.000467882
305.5		0.000290188
305		0.000383169
304.5		0.000384722
304		0.000327544
303.5		0.000355825
303		0.000334904
302.5		0.000285878
302		0.000350631
301.5		0.000264479
301		0.000186419
300.5		0.000379303
300		0.000274307
