Wavelength(nm)	T%
1100		0.003284959
1099.5		0.003032773
1099		0.00376815
1098.5		0.003733902
1098		0.003444154
1097.5		0.003318053
1097		0.00387524
1096.5		0.0035972
1096		0.003247854
1095.5		0.003181231
1095		0.003770245
1094.5		0.003068937
1094		0.003590124
1093.5		0.003535712
1093		0.003795682
1092.5		0.003308741
1092		0.003398789
1091.5		0.003625646
1091		0.002983955
1090.5		0.003441901
1090		0.003772252
1089.5		0.00326061
1089		0.003428277
1088.5		0.003572568
1088		0.003419781
1087.5		0.00340576
1087		0.003268372
1086.5		0.003469432
1086		0.003374605
1085.5		0.003475717
1085		0.003347632
1084.5		0.003722196
1084		0.003768531
1083.5		0.00340473
1083		0.003516058
1082.5		0.003660878
1082		0.003795333
1081.5		0.003097648
1081		0.003327987
1080.5		0.002955778
1080		0.003586948
1079.5		0.003649155
1079		0.003931185
1078.5		0.0038717
1078		0.003683121
1077.5		0.003454576
1077		0.00346087
1076.5		0.003439585
1076		0.002930018
1075.5		0.003626805
1075		0.003486094
1074.5		0.003494712
1074		0.003051087
1073.5		0.003373228
1073		0.003567011
1072.5		0.00349803
1072		0.003459806
1071.5		0.003721745
1071		0.003469507
1070.5		0.003313727
1070		0.003416951
1069.5		0.003097823
1069		0.003279822
1068.5		0.003179811
1068		0.003635474
1067.5		0.003817472
1067		0.00370217
1066.5		0.003128893
1066		0.003701756
1065.5		0.003680333
1065		0.003859676
1064.5		0.002899535
1064		0.00301378
1063.5		0.003827965
1063		0.003494524
1062.5		0.003296542
1062		0.003584489
1061.5		0.003804332
1061		0.003929069
1060.5		0.003411193
1060		0.003272529
1059.5		0.003720452
1059		0.002992947
1058.5		0.003350799
1058		0.003571793
1057.5		0.003718838
1057		0.00347932
1056.5		0.00317865
1056		0.00324689
1055.5		0.003114637
1055		0.002957097
1054.5		0.003271495
1054		0.003465645
1053.5		0.002898341
1053		0.003212061
1052.5		0.003216978
1052		0.004035758
1051.5		0.003472032
1051		0.003358645
1050.5		0.003764729
1050		0.003564958
1049.5		0.003667934
1049		0.003484581
1048.5		0.003321374
1048		0.003601886
1047.5		0.003328416
1047		0.003401063
1046.5		0.003629199
1046		0.003335677
1045.5		0.003184882
1045		0.00319431
1044.5		0.003784067
1044		0.003850072
1043.5		0.003732925
1043		0.003694595
1042.5		0.003718035
1042		0.003490526
1041.5		0.003465814
1041		0.00420536
1040.5		0.003889178
1040		0.003957792
1039.5		0.004089039
1039		0.003610942
1038.5		0.003204857
1038		0.003414672
1037.5		0.004161948
1037		0.003458711
1036.5		0.003720167
1036		0.003330543
1035.5		0.004348186
1035		0.003920129
1034.5		0.003837958
1034		0.003648677
1033.5		0.004243756
1033		0.003979326
1032.5		0.004150565
1032		0.004539801
1031.5		0.004231123
1031		0.004078149
1030.5		0.004155441
1030		0.004783944
1029.5		0.004518321
1029		0.004954642
1028.5		0.0051112
1028		0.005249517
1027.5		0.005237748
1027		0.006085835
1026.5		0.006279867
1026		0.006617167
1025.5		0.006766052
1025		0.007257232
1024.5		0.00781038
1024		0.008459013
1023.5		0.009398124
1023		0.009003619
1022.5		0.010616831
1022		0.011515585
1021.5		0.012612561
1021		0.014544245
1020.5		0.015690645
1020		0.018060043
1019.5		0.020610627
1019		0.023112975
1018.5		0.025978461
1018		0.029594906
1017.5		0.034536365
1017		0.039263371
1016.5		0.045768444
1016		0.054072768
1015.5		0.06244589
1015		0.073359691
1014.5		0.087023564
1014		0.102681689
1013.5		0.12116681
1013		0.145632312
1012.5		0.175380901
1012		0.210541859
1011.5		0.253651321
1011		0.30809933
1010.5		0.372977167
1010		0.458021045
1009.5		0.566088021
1009		0.698049247
1008.5		0.862674892
1008		1.06829381
1007.5		1.33373487
1007		1.666637897
1006.5		2.115964413
1006		2.685193539
1005.5		3.391083717
1005		4.326632023
1004.5		5.494890213
1004		7.048472881
1003.5		9.055828094
1003		11.68537331
1002.5		14.93100071
1002		18.89991379
1001.5		23.83696938
1001		29.56509018
1000.5		36.15649414
1000		43.65106964
999.5		51.14690781
999		58.3872261
998.5		64.95922852
998		70.79918671
997.5		75.442276
997		79.31121826
996.5		82.1839447
996		84.2286377
995.5		85.72807312
995		86.80990601
994.5		87.62332153
994		88.25622559
993.5		88.82142639
993		89.28858185
992.5		89.71630859
992		90.12141418
991.5		90.4995575
991		90.89740753
990.5		91.27885437
990		91.61820984
989.5		91.9344635
989		92.23688507
988.5		92.53708649
988		92.78149414
987.5		93.00756836
987		93.22248077
986.5		93.42732239
986		93.59848022
985.5		93.76033783
985		93.8894577
984.5		94.00988007
984		94.15499878
983.5		94.26374817
983		94.36923218
982.5		94.45938873
982		94.55329132
981.5		94.64391327
981		94.73417664
980.5		94.79994202
980		94.86183929
979.5		94.92156219
979		95.00644684
978.5		95.04615784
978		95.0968399
977.5		95.12245178
977		95.14992523
976.5		95.18779755
976		95.20810699
975.5		95.21263123
975		95.20807648
974.5		95.21749878
974		95.22303009
973.5		95.23262024
973		95.22036743
972.5		95.20333862
972		95.19252777
971.5		95.19567871
971		95.19541931
970.5		95.18095398
970		95.1654129
969.5		95.14985657
969		95.15176392
968.5		95.16202545
968		95.15918732
967.5		95.14170074
967		95.14939117
966.5		95.14505005
966		95.15349579
965.5		95.15197754
965		95.13696289
964.5		95.14253998
964		95.12701416
963.5		95.10968018
963		95.09174347
962.5		95.06911469
962		95.0369873
961.5		94.99619293
961		94.95411682
960.5		94.91136932
960		94.84970856
959.5		94.79254913
959		94.71154785
958.5		94.62601471
958		94.5456543
957.5		94.45043945
957		94.37687683
956.5		94.25363159
956		94.14479065
955.5		94.01864624
955		93.90379333
954.5		93.79137421
954		93.68385315
953.5		93.56045532
953		93.45210266
952.5		93.34266663
952		93.23427582
951.5		93.13304138
951		93.04959106
950.5		92.97470856
950		92.88707733
949.5		92.82794952
949		92.76855469
948.5		92.7256012
948		92.69690704
947.5		92.68341064
947		92.68121338
946.5		92.69255829
946		92.71393585
945.5		92.74745178
945		92.80380249
944.5		92.87204742
944		92.9486084
943.5		93.03848267
943		93.1528244
942.5		93.28186798
942		93.39198303
941.5		93.52880096
941		93.66663361
940.5		93.82543945
940		93.97924805
939.5		94.1401062
939		94.2935791
938.5		94.46216583
938		94.60041809
937.5		94.7700882
937		94.92209625
936.5		95.05171204
936		95.1927948
935.5		95.31074524
935		95.40935516
934.5		95.50143433
934		95.57169342
933.5		95.64286804
933		95.66254425
932.5		95.67328644
932		95.67779541
931.5		95.65824127
931		95.59444427
930.5		95.52479553
930		95.43755341
929.5		95.32991028
929		95.18698883
928.5		95.04118347
928		94.86954498
927.5		94.68914032
927		94.49646759
926.5		94.29382324
926		94.07528687
925.5		93.85696411
925		93.62844849
924.5		93.40037537
924		93.18050385
923.5		92.96611786
923		92.75319672
922.5		92.55018616
922		92.35297394
921.5		92.17172241
921		92.00117493
920.5		91.85494232
920		91.7218399
919.5		91.60413361
919		91.51000214
918.5		91.43154907
918		91.38062286
917.5		91.33811188
917		91.32430267
916.5		91.32635498
916		91.35163116
915.5		91.38296509
915		91.44703674
914.5		91.52231598
914		91.60368347
913.5		91.71215057
913		91.83242798
912.5		91.96060944
912		92.09950256
911.5		92.25389099
911		92.40395355
910.5		92.56562805
910		92.7303009
909.5		92.89417267
909		93.05717468
908.5		93.21551514
908		93.3737793
907.5		93.51776886
907		93.66742706
906.5		93.81069946
906		93.93731689
905.5		94.05904388
905		94.1662674
904.5		94.26292419
904		94.34892273
903.5		94.42170715
903		94.47879791
902.5		94.52539063
902		94.55950165
901.5		94.57731628
901		94.5855484
900.5		94.5785675
900		94.56876373
899.5		94.54217529
899		94.51383209
898.5		94.46871185
898		94.42612457
897.5		94.3742981
897		94.31282806
896.5		94.26628113
896		94.20287323
895.5		94.15422058
895		94.08765411
894.5		94.03132629
894		93.97697449
893.5		93.93309784
893		93.89154816
892.5		93.85140991
892		93.82118225
891.5		93.80191803
891		93.77035522
890.5		93.75856781
890		93.75139618
889.5		93.7534256
889		93.75913239
888.5		93.77476501
888		93.77986908
887.5		93.80490875
887		93.82437134
886.5		93.86494446
886		93.88595581
885.5		93.93004608
885		93.96755219
884.5		94.00157928
884		94.05101776
883.5		94.08500671
883		94.12348175
882.5		94.16864014
882		94.19821167
881.5		94.2399826
881		94.27894592
880.5		94.31645203
880		94.34339905
879.5		94.30551147
879		94.31795502
878.5		94.40129089
878		94.32370758
877.5		94.31336975
877		94.35423279
876.5		94.31563568
876		94.32978821
875.5		94.27278137
875		94.3374939
874.5		94.30316162
874		94.237854
873.5		94.26034546
873		94.19441986
872.5		94.07315826
872		94.06069183
871.5		93.99945068
871		93.93147278
870.5		93.85652161
870		93.73791504
869.5		93.71867371
869		93.53121948
868.5		93.47523499
868		93.34759521
867.5		93.31633759
867		93.22255707
866.5		93.07196808
866		92.96009827
865.5		92.8732605
865		92.74998474
864.5		92.70319366
864		92.59433746
863.5		92.44909668
863		92.3522644
862.5		92.24097443
862		92.12117767
861.5		91.97193909
861		91.9276886
860.5		91.81782532
860		91.73928833
859.5		91.65743256
859		91.57978821
858.5		91.52330017
858		91.48993683
857.5		91.44908142
857		91.46815491
856.5		91.48558807
856		91.57391357
855.5		91.65261078
855		91.78929138
854.5		91.99005127
854		92.27772522
853.5		92.51834106
853		92.8565979
852.5		93.22360229
852		93.63023376
851.5		94.08647156
851		94.4883194
850.5		94.89245605
850		95.11668396
849.5		95.2396698
849		94.99390411
848.5		94.35639191
848		93.06510162
847.5		91.09215546
847		88.28031158
846.5		84.42615509
846		79.5342865
845.5		73.82624054
845		67.15796661
844.5		60.03289795
844		52.74017334
843.5		45.55597687
843		38.73098373
842.5		32.46786118
842		26.92134094
841.5		22.09648705
841		18.02745628
840.5		14.69547176
840		11.89564514
839.5		9.626349449
839		7.813091755
838.5		6.322276592
838		5.125144005
837.5		4.166537762
837		3.398953438
836.5		2.77716279
836		2.272056103
835.5		1.867283344
835		1.534148455
834.5		1.264535189
834		1.0494591
833.5		0.870053351
833		0.724810898
832.5		0.604243696
832		0.505166829
831.5		0.423471719
831		0.35582605
830.5		0.299412906
830		0.252482563
829.5		0.213049054
829		0.180781812
828.5		0.153619155
828		0.130557448
827.5		0.111661516
827		0.095717117
826.5		0.08122772
826		0.06963034
825.5		0.059644099
825		0.051622763
824.5		0.044105954
824		0.038208108
823.5		0.033213098
823		0.028690446
822.5		0.024733428
822		0.021551726
821.5		0.01867976
821		0.016192272
820.5		0.014181502
820		0.012482902
819.5		0.010961267
819		0.009639164
818.5		0.008240433
818		0.007260882
817.5		0.006386068
817		0.005668878
816.5		0.004987549
816		0.004386267
815.5		0.003891826
815		0.003525192
814.5		0.003141013
814		0.002738571
813.5		0.002553808
813		0.00211731
812.5		0.00190244
812		0.001715211
811.5		0.001390055
811		0.001259174
810.5		0.001164467
810		0.001014495
809.5		0.000951902
809		0.000786816
808.5		0.000840341
808		0.000731619
807.5		0.000665117
807		0.00053992
806.5		0.000583386
806		0.000454669
805.5		0.000427424
805		0.000473016
804.5		0.000335266
804		0.000287477
803.5		0.000268319
803		0.000318958
802.5		0.000266148
802		0.000248099
801.5		0.000307694
801		0.000121992
800.5		0.000231554
800		8.73E-05
799.5		0.000189915
799		0.000179201
798.5		6.78E-05
798		8.37E-05
797.5		0.000140074
797		8.59E-05
796.5		0.000102163
796		-3.94E-05
795.5		0.000176672
795		-2.76E-05
794.5		6.12E-05
794		0.000158229
793.5		0.000122249
793		9.45E-05
792.5		0.00010912
792		3.77E-05
791.5		7.04E-05
791		7.45E-05
790.5		8.37E-05
790		3.64E-06
789.5		-3.71E-05
789		2.30E-05
788.5		3.88E-05
788		5.49E-06
787.5		4.78E-05
787		-3.50E-05
786.5		-2.06E-05
786		-1.32E-05
785.5		9.39E-05
785		-0.000111617
784.5		0.000110484
784		6.68E-05
783.5		-1.91E-05
783		3.23E-05
782.5		0.000191991
782		5.98E-05
781.5		-3.64E-05
781		1.96E-05
780.5		9.11E-05
780		-2.19E-05
779.5		3.86E-05
779		-5.88E-06
778.5		0.000178622
778		-2.28E-05
777.5		2.58E-05
777		2.90E-05
776.5		1.54E-05
776		-1.22E-05
775.5		-3.98E-05
775		9.16E-05
774.5		3.21E-05
774		5.03E-05
773.5		-4.14E-05
773		0.000115069
772.5		2.80E-05
772		-3.12E-05
771.5		2.55E-05
771		-8.49E-05
770.5		9.08E-05
770		-3.15E-06
769.5		-5.04E-05
769		8.99E-05
768.5		1.42E-05
768		-1.39E-05
767.5		-0.000102526
767		4.42E-05
766.5		2.10E-05
766		5.64E-05
765.5		-2.91E-05
765		3.83E-05
764.5		-4.27E-05
764		4.88E-05
763.5		5.09E-05
763		5.60E-05
762.5		0.000161057
762		1.40E-05
761.5		-3.30E-05
761		-3.16E-05
760.5		1.34E-05
760		4.25E-05
759.5		-1.81E-05
759		9.24E-05
758.5		6.15E-05
758		6.15E-05
757.5		-1.53E-05
757		-7.85E-06
756.5		-5.22E-05
756		-2.71E-05
755.5		1.39E-05
755		4.20E-05
754.5		3.55E-05
754		-4.60E-05
753.5		7.73E-05
753		8.78E-05
752.5		-4.43E-05
752		0.000158734
751.5		-1.08E-06
751		-7.54E-05
750.5		-8.72E-06
750		1.08E-05
749.5		2.10E-05
749		2.73E-05
748.5		0.000221446
748		-4.11E-05
747.5		7.33E-05
747		-5.73E-05
746.5		-2.26E-05
746		7.11E-05
745.5		6.24E-05
745		-2.47E-06
744.5		3.18E-05
744		0.000107447
743.5		0.00010451
743		5.24E-05
742.5		4.83E-05
742		-2.51E-05
741.5		3.67E-05
741		-5.95E-05
740.5		3.85E-05
740		5.48E-05
739.5		-4.14E-06
739		0.000110766
738.5		2.25E-05
738		-5.04E-05
737.5		-5.33E-05
737		-6.39E-05
736.5		2.33E-05
736		1.31E-05
735.5		9.44E-05
735		-5.02E-05
734.5		-9.22E-05
734		0.000101582
733.5		2.30E-05
733		-0.000126652
732.5		4.93E-05
732		1.21E-05
731.5		4.11E-05
731		-8.14E-05
730.5		5.26E-06
730		2.65E-05
729.5		-4.63E-05
729		-4.04E-05
728.5		-1.68E-05
728		-5.94E-05
727.5		-0.00011525
727		5.21E-06
726.5		-2.01E-05
726		3.54E-05
725.5		4.13E-05
725		6.83E-05
724.5		1.66E-05
724		9.69E-05
723.5		-4.13E-06
723		-1.25E-05
722.5		-4.75E-05
722		-4.64E-05
721.5		3.86E-05
721		3.85E-06
720.5		5.94E-05
720		-3.46E-05
719.5		0.000170855
719		0.000159428
718.5		7.96E-05
718		-6.61E-05
717.5		-1.22E-06
717		0.000206711
716.5		0.000123334
716		2.34E-05
715.5		-8.08E-05
715		-2.64E-05
714.5		5.95E-05
714		-6.59E-06
713.5		4.31E-05
713		7.46E-05
712.5		4.15E-05
712		1.29E-06
711.5		3.69E-05
711		1.96E-05
710.5		5.16E-05
710		1.78E-05
709.5		1.87E-05
709		0.000150137
708.5		-5.00E-05
708		6.45E-05
707.5		0.000158258
707		0.000133851
706.5		-3.73E-05
706		6.91E-05
705.5		-2.37E-06
705		7.72E-06
704.5		1.37E-05
704		0.000109546
703.5		-3.38E-05
703		-5.56E-05
702.5		8.45E-05
702		-4.27E-06
701.5		5.83E-05
701		1.73E-05
700.5		4.35E-05
700		2.93E-06
699.5		4.99E-06
699		6.86E-05
698.5		-1.61E-05
698		0.000203387
697.5		6.07E-05
697		9.07E-07
696.5		8.00E-05
696		3.50E-05
695.5		-3.93E-06
695		4.82E-06
694.5		9.65E-05
694		1.88E-06
693.5		4.28E-05
693		5.12E-05
692.5		-4.52E-05
692		3.39E-05
691.5		0.000104243
691		-3.20E-06
690.5		-4.78E-06
690		2.20E-05
689.5		0.000124355
689		1.20E-05
688.5		6.82E-05
688		-0.000135988
687.5		1.08E-05
687		5.72E-05
686.5		1.00E-05
686		-3.81E-05
685.5		-2.08E-05
685		-4.19E-06
684.5		-7.81E-05
684		-4.85E-05
683.5		-3.12E-05
683		4.18E-05
682.5		1.63E-05
682		0.000118863
681.5		7.20E-06
681		2.17E-05
680.5		5.56E-05
680		7.96E-07
679.5		-2.11E-05
679		-5.52E-05
678.5		-2.26E-05
678		3.85E-05
677.5		-1.35E-05
677		0.00013074
676.5		1.25E-05
676		-4.10E-05
675.5		7.63E-05
675		8.55E-05
674.5		6.74E-05
674		3.13E-05
673.5		2.69E-05
673		0.000112304
672.5		2.15E-05
672		-3.08E-05
671.5		-4.44E-05
671		5.11E-05
670.5		-5.78E-05
670		-3.15E-05
669.5		0.000103036
669		-2.87E-05
668.5		1.31E-05
668		5.16E-05
667.5		3.14E-06
667		3.58E-05
666.5		-7.56E-05
666		2.83E-05
665.5		8.73E-06
665		1.02E-05
664.5		1.74E-05
664		1.61E-05
663.5		-2.05E-05
663		-3.53E-05
662.5		4.56E-05
662		-6.04E-05
661.5		-4.26E-05
661		5.74E-05
660.5		-0.000125948
660		-1.71E-06
659.5		-0.000105634
659		-1.52E-05
658.5		-3.20E-05
658		1.49E-05
657.5		-5.46E-05
657		-4.31E-05
656.5		2.98E-05
656		3.28E-05
655.5		3.48E-05
655		4.53E-05
654.5		9.30E-06
654		9.85E-05
653.5		1.09E-05
653		-1.06E-06
652.5		-1.54E-06
652		6.44E-05
651.5		-5.40E-05
651		-2.27E-05
650.5		-5.44E-05
650		-7.24E-05
649.5		1.63E-05
649		-2.36E-05
648.5		-2.64E-05
648		-1.79E-06
647.5		-1.23E-06
647		-0.000111136
646.5		-7.27E-05
646		3.46E-05
645.5		3.69E-05
645		9.03E-05
644.5		-4.77E-05
644		0.000108547
643.5		7.16E-05
643		4.57E-05
642.5		9.52E-05
642		-7.52E-05
641.5		-2.40E-05
641		-3.29E-05
640.5		1.65E-05
640		-1.54E-06
639.5		-6.56E-05
639		5.91E-05
638.5		-0.00012491
638		3.41E-05
637.5		9.72E-05
637		2.83E-05
636.5		5.98E-05
636		-5.41E-05
635.5		9.11E-05
635		-6.11E-05
634.5		0.000120814
634		-1.47E-06
633.5		-5.91E-06
633		9.24E-06
632.5		3.38E-05
632		-8.32E-05
631.5		-3.51E-05
631		9.07E-06
630.5		0.000144951
630		-4.64E-06
629.5		5.14E-06
629		2.93E-05
628.5		-4.18E-05
628		-4.11E-05
627.5		-6.18E-05
627		-2.06E-08
626.5		-4.81E-05
626		2.57E-06
625.5		6.16E-05
625		-5.75E-05
624.5		3.68E-05
624		-1.19E-05
623.5		-1.78E-06
623		-5.53E-05
622.5		-2.99E-05
622		0.000115517
621.5		-7.07E-06
621		2.54E-05
620.5		-6.04E-06
620		2.30E-05
619.5		4.42E-05
619		-1.09E-05
618.5		-1.59E-05
618		-5.73E-06
617.5		2.44E-05
617		-1.60E-05
616.5		2.35E-05
616		-4.29E-05
615.5		0.000115939
615		6.90E-07
614.5		7.28E-05
614		-5.08E-05
613.5		3.91E-05
613		7.81E-05
612.5		6.15E-05
612		5.83E-05
611.5		-1.08E-05
611		-1.47E-05
610.5		0.000118653
610		2.85E-05
609.5		1.58E-05
609		-4.99E-05
608.5		-4.50E-05
608		-5.36E-05
607.5		5.71E-05
607		-2.81E-05
606.5		-7.31E-05
606		4.43E-06
605.5		4.77E-05
605		-6.53E-05
604.5		-4.83E-05
604		4.08E-05
603.5		-7.27E-06
603		4.64E-05
602.5		4.98E-07
602		-4.05E-05
601.5		7.34E-05
601		5.48E-05
600.5		-3.30E-05
600		3.45E-05
599.5		6.93E-05
599		-6.57E-05
598.5		4.59E-05
598		3.88E-05
597.5		-6.58E-05
597		-0.000116814
596.5		9.56E-05
596		-4.25E-05
595.5		-2.82E-05
595		3.49E-05
594.5		7.55E-05
594		-7.36E-05
593.5		6.19E-05
593		-7.43E-06
592.5		1.92E-05
592		-4.82E-05
591.5		1.35E-05
591		7.15E-05
590.5		-6.81E-05
590		4.50E-05
589.5		-1.76E-05
589		7.38E-05
588.5		-4.71E-05
588		2.46E-05
587.5		-2.11E-05
587		2.18E-05
586.5		-0.000158223
586		5.72E-05
585.5		-5.29E-05
585		-3.73E-05
584.5		9.72E-05
584		6.04E-05
583.5		9.07E-05
583		4.29E-05
582.5		1.36E-05
582		7.93E-05
581.5		-7.16E-05
581		6.28E-05
580.5		-2.76E-05
580		4.12E-05
579.5		9.65E-05
579		2.13E-06
578.5		2.88E-05
578		5.48E-05
577.5		1.30E-05
577		4.19E-05
576.5		1.67E-05
576		5.80E-05
575.5		2.74E-05
575		-3.93E-05
574.5		4.82E-05
574		8.41E-05
573.5		3.59E-05
573		-8.11E-05
572.5		0.000110662
572		1.03E-05
571.5		0.000130468
571		0.000125344
570.5		8.47E-05
570		-8.52E-05
569.5		4.44E-06
569		2.35E-05
568.5		5.03E-05
568		4.79E-05
567.5		0.000155453
567		0.000113859
566.5		0.000104613
566		0.000138354
565.5		4.57E-05
565		3.98E-05
564.5		5.84E-05
564		7.49E-05
563.5		5.09E-05
563		7.22E-05
562.5		8.76E-05
562		0.0001656
561.5		-1.06E-05
561		0.00010124
560.5		-1.93E-05
560		5.09E-05
559.5		9.44E-05
559		8.80E-05
558.5		3.64E-05
558		3.73E-05
557.5		8.89E-05
557		3.07E-05
556.5		3.67E-05
556		2.57E-05
555.5		1.71E-05
555		0.000108719
554.5		3.87E-05
554		3.79E-06
553.5		2.17E-05
553		7.90E-05
552.5		-6.15E-06
552		0.000130475
551.5		5.90E-05
551		0.000184133
550.5		2.93E-05
550		1.42E-05
549.5		1.64E-05
549		0.000189182
548.5		5.40E-05
548		9.36E-05
547.5		5.14E-05
547		-1.72E-05
546.5		0.000115587
546		2.82E-05
545.5		3.01E-05
545		8.61E-05
544.5		0.000107279
544		7.22E-05
543.5		0.000198286
543		0.000112766
542.5		0.000117573
542		0.000103561
541.5		5.23E-05
541		7.32E-05
540.5		4.39E-05
540		0.000138742
539.5		5.88E-05
539		4.21E-05
538.5		0.000118684
538		9.25E-05
537.5		9.44E-05
537		0.000124598
536.5		9.77E-06
536		7.04E-05
535.5		7.30E-05
535		9.02E-05
534.5		7.55E-05
534		7.46E-05
533.5		-1.08E-05
533		8.59E-05
532.5		0.000160626
532		5.63E-05
531.5		0.000102937
531		4.39E-05
530.5		-1.56E-05
530		7.54E-05
529.5		0.000141701
529		4.84E-05
528.5		-2.51E-05
528		7.11E-05
527.5		5.06E-05
527		-3.50E-05
526.5		0.00011796
526		-1.23E-05
525.5		0.000137081
525		7.80E-05
524.5		0.000109734
524		6.42E-05
523.5		0.000119882
523		0.000133175
522.5		0.000112703
522		0.000116906
521.5		0.000134199
521		1.36E-05
520.5		4.95E-05
520		9.51E-05
519.5		8.48E-05
519		0.000106923
518.5		5.05E-05
518		-3.44E-05
517.5		8.85E-05
517		0.000171431
516.5		9.45E-05
516		8.64E-05
515.5		9.67E-05
515		0.000155378
514.5		-5.67E-05
514		0.000141806
513.5		0.000174765
513		2.58E-05
512.5		7.41E-05
512		8.16E-05
511.5		3.25E-05
511		0.000154189
510.5		5.85E-05
510		3.86E-05
509.5		-6.80E-05
509		1.88E-06
508.5		0.000110654
508		0.000103133
507.5		6.98E-06
507		0.000101281
506.5		-3.39E-06
506		5.37E-05
505.5		0.000104042
505		0.000150356
504.5		8.17E-06
504		5.66E-06
503.5		8.44E-05
503		9.86E-05
502.5		0.000162836
502		8.68E-05
501.5		7.20E-05
501		3.21E-05
500.5		2.60E-05
500		7.46E-05
499.5		9.62E-05
499		5.51E-05
498.5		7.79E-05
498		-8.41E-06
497.5		-8.85E-06
497		9.27E-05
496.5		-0.000195634
496		0.000153883
495.5		8.23E-05
495		0.000131932
494.5		9.05E-05
494		0.000108596
493.5		0.000117325
493		0.000118923
492.5		0.000189613
492		0.000102852
491.5		6.15E-05
491		0.000144247
490.5		3.28E-05
490		9.70E-05
489.5		0.000128267
489		9.49E-05
488.5		0.000117109
488		7.18E-05
487.5		6.36E-05
487		0.000117958
486.5		0.000120985
486		4.87E-05
485.5		0.000103508
485		0.000112655
484.5		0.000114672
484		-3.90E-05
483.5		8.85E-05
483		5.19E-05
482.5		0.000113897
482		5.38E-05
481.5		8.59E-05
481		5.78E-05
480.5		7.93E-05
480		6.60E-05
479.5		4.31E-05
479		0.000108425
478.5		7.22E-05
478		0.000132727
477.5		0.000118304
477		0.000187569
476.5		0.000154393
476		4.80E-06
475.5		0.000167517
475		-3.12E-05
474.5		2.95E-05
474		7.38E-05
473.5		8.93E-05
473		7.07E-05
472.5		6.49E-05
472		-1.58E-05
471.5		-1.43E-05
471		0.000170869
470.5		0.000176256
470		8.65E-05
469.5		-5.12E-05
469		6.04E-05
468.5		4.40E-07
468		9.39E-05
467.5		0.000125118
467		6.04E-05
466.5		6.29E-05
466		0.000158026
465.5		7.22E-05
465		8.79E-05
464.5		4.16E-05
464		0.000123012
463.5		0.000118894
463		0.000109353
462.5		-2.17E-06
462		0.000114689
461.5		8.84E-05
461		9.73E-05
460.5		0.000152803
460		0.000110461
459.5		0.000244869
459		7.30E-05
458.5		0.000153816
458		3.90E-05
457.5		0.000125528
457		0.000109251
456.5		0.000169899
456		8.20E-05
455.5		0.000126861
455		5.71E-05
454.5		5.19E-05
454		8.21E-05
453.5		6.25E-05
453		0.000141414
452.5		6.68E-05
452		2.41E-05
451.5		0.000133649
451		8.67E-05
450.5		7.82E-05
450		3.46E-06
449.5		-7.80E-06
449		0.0001292
448.5		5.51E-05
448		0.000151317
447.5		0.000291143
447		9.68E-05
446.5		0.000109577
446		6.03E-05
445.5		-5.96E-06
445		-4.42E-05
444.5		3.71E-05
444		4.11E-05
443.5		5.92E-05
443		-5.79E-06
442.5		-3.23E-05
442		7.48E-05
441.5		7.61E-05
441		-4.02E-05
440.5		0.000135552
440		0.000244434
439.5		0.000221881
439		0.00011572
438.5		0.000104173
438		3.68E-05
437.5		5.77E-05
437		6.30E-05
436.5		0.000168453
436		5.84E-05
435.5		9.39E-05
435		-1.80E-05
434.5		5.60E-05
434		0.00020967
433.5		0.000150993
433		5.95E-05
432.5		7.92E-05
432		0.000126675
431.5		2.82E-05
431		0.00014455
430.5		-5.50E-06
430		0.000119945
429.5		0.000111604
429		0.000220245
428.5		6.68E-05
428		0.000131085
427.5		4.91E-05
427		5.72E-05
426.5		9.83E-06
426		-3.25E-05
425.5		0.000196016
425		8.94E-05
424.5		0.000213629
424		9.72E-05
423.5		-9.97E-06
423		-2.99E-06
422.5		0.000214994
422		0.000164389
421.5		4.31E-05
421		0.000175085
420.5		0.000179052
420		0.000125368
419.5		4.73E-05
419		2.75E-05
418.5		0.000311524
418		0.000200852
417.5		0.000236506
417		-3.24E-05
416.5		0.000224398
416		0.000214817
415.5		0.00015776
415		0.000191549
414.5		6.11E-05
414		9.15E-05
413.5		9.38E-05
413		1.34E-06
412.5		0.000127901
412		0.000192931
411.5		2.16E-05
411		0.000157775
410.5		0.000122082
410		0.000245847
409.5		0.000146436
409		0.000214156
408.5		0.000122595
408		0.000198183
407.5		0.000162324
407		9.81E-05
406.5		2.03E-05
406		0.000242301
405.5		0.000325745
405		0.00021388
404.5		0.000263938
404		0.000295099
403.5		0.000182783
403		0.000234903
402.5		0.000342948
402		0.000190251
401.5		0.00031737
401		0.00018418
400.5		5.43E-05
400		0.000140414
399.5		0.000115476
399		0.000163992
398.5		4.58E-05
398		0.000197192
397.5		7.88E-05
397		0.000147857
396.5		0.000280401
396		0.000233582
395.5		0.000338937
395		0.000159907
394.5		0.000129945
394		0.00010647
393.5		0.000123003
393		0.000239451
392.5		0.000166121
392		0.000224016
391.5		0.000209457
391		9.22E-05
390.5		0.000187425
390		0.000270103
389.5		0.000141673
389		0.000256478
388.5		0.000145421
388		0.000125914
387.5		0.000199432
387		0.000157887
386.5		0.000215735
386		0.000156945
385.5		0.000114584
385		0.000117388
384.5		0.000183497
384		0.000171549
383.5		7.66E-05
383		0.000116597
382.5		9.01E-05
382		-5.77E-05
381.5		0.000230829
381		0.00012261
380.5		0.000195649
380		0.000190232
379.5		0.000175662
379		8.29E-05
378.5		6.39E-05
378		0.000128043
377.5		0.000172795
377		0.000136083
376.5		0.000173137
376		9.91E-05
375.5		0.000243273
375		0.000121322
374.5		9.67E-05
374		0.000286217
373.5		0.000121185
373		8.69E-05
372.5		0.000169245
372		0.000180564
371.5		0.000216586
371		0.000142097
370.5		0.00016435
370		0.000246929
369.5		0.000113412
369		0.000292854
368.5		6.52E-05
368		7.83E-05
367.5		0.000172391
367		0.000147992
366.5		0.000105858
366		3.55E-05
365.5		0.000137146
365		0.000202795
364.5		0.000236881
364		7.38E-05
363.5		0.000158649
363		0.000158338
362.5		0.00018034
362		0.000160311
361.5		0.00016692
361		-2.49E-05
360.5		0.000146645
360		0.000218592
359.5		9.11E-05
359		8.72E-05
358.5		4.39E-05
358		0.000178338
357.5		0.000161451
357		3.30E-05
356.5		0.000193162
356		0.000195067
355.5		0.000140293
355		0.00017455
354.5		0.000241029
354		0.000111501
353.5		7.19E-05
353		0.000216205
352.5		0.000269292
352		0.000181371
351.5		0.000141128
351		7.97E-05
350.5		0.000166266
350		0.00016743
349.5		-0.000640565
349		0.000146194
348.5		0.000128147
348		0.000201024
347.5		0.000167676
347		0.000124363
346.5		1.26E-05
346		0.000125632
345.5		8.35E-05
345		0.000124237
344.5		0.000234809
344		0.000168468
343.5		0.000248466
343		0.000100647
342.5		0.000153282
342		0.000227084
341.5		0.00012645
341		0.000199392
340.5		0.000139742
340		0.00019081
339.5		0.000165799
339		0.000167997
338.5		0.000275485
338		0.000137561
337.5		0.00013001
337		-1.18E-05
336.5		0.000231432
336		0.000260135
335.5		0.000198614
335		0.000311161
334.5		-0.000122203
334		0.000129361
333.5		9.71E-05
333		8.52E-05
332.5		0.000135877
332		0.000228193
331.5		0.000171111
331		0.000149644
330.5		0.00015157
330		0.000119887
329.5		0.000165919
329		5.47E-05
328.5		0.000286317
328		0.000189228
327.5		0.000247262
327		8.03E-05
326.5		0.000158796
326		0.000129788
325.5		0.000139592
325		0.000206767
324.5		0.000243341
324		0.000129383
323.5		0.000122147
323		0.000119287
322.5		8.58E-05
322		0.000123512
321.5		0.000106531
321		0.000194247
320.5		0.000169869
320		0.000208321
319.5		0.000337588
319		9.00E-05
318.5		0.000147416
318		0.000210062
317.5		6.28E-05
317		0.000139022
316.5		0.000151866
316		0.000209165
315.5		0.000184092
315		9.17E-05
314.5		0.000160654
314		8.76E-05
313.5		0.000133814
313		0.000214935
312.5		7.84E-05
312		0.00010416
311.5		0.000125141
311		0.00011069
310.5		0.000161954
310		0.000260613
309.5		0.000224391
309		0.000148352
308.5		0.000183065
308		0.000196968
307.5		-3.22E-06
307		0.000287409
306.5		0.000165225
306		9.88E-05
305.5		0.000247592
305		0.000121564
304.5		3.88E-05
304		0.000104216
303.5		7.52E-05
303		8.54E-05
302.5		0.000162376
302		0.000149483
301.5		0.000160113
301		0.000141441
300.5		0.000189627
300		0.000198194
