Wavelength(nm)	T%
1100		0.003046157
1099.5		0.003385771
1099		0.003734571
1098.5		0.004092054
1098		0.003334902
1097.5		0.003093855
1097		0.003594718
1096.5		0.003718709
1096		0.003157526
1095.5		0.003492277
1095		0.003708489
1094.5		0.003461348
1094		0.003010319
1093.5		0.004202035
1093		0.003337458
1092.5		0.003663775
1092		0.003986533
1091.5		0.003660005
1091		0.003697939
1090.5		0.003410515
1090		0.003855788
1089.5		0.003442204
1089		0.003614452
1088.5		0.003145048
1088		0.003439036
1087.5		0.003563085
1087		0.003439938
1086.5		0.003167154
1086		0.003109679
1085.5		0.003688367
1085		0.003737924
1084.5		0.003465953
1084		0.003360952
1083.5		0.003487
1083		0.003594228
1082.5		0.0037482
1082		0.003908178
1081.5		0.003638086
1081		0.003473449
1080.5		0.003462805
1080		0.003887554
1079.5		0.003217178
1079		0.00381775
1078.5		0.004040981
1078		0.003551677
1077.5		0.002757262
1077		0.003441717
1076.5		0.003984371
1076		0.003070521
1075.5		0.003250998
1075		0.003437968
1074.5		0.003681163
1074		0.003635601
1073.5		0.004012601
1073		0.003440911
1072.5		0.00355167
1072		0.004129027
1071.5		0.003618063
1071		0.003348152
1070.5		0.003669277
1070		0.003457975
1069.5		0.003472717
1069		0.004059821
1068.5		0.003965566
1068		0.003843227
1067.5		0.003468218
1067		0.003913087
1066.5		0.003746379
1066		0.002790975
1065.5		0.003606428
1065		0.00387045
1064.5		0.00309613
1064		0.00367617
1063.5		0.003583148
1063		0.00360305
1062.5		0.003753362
1062		0.00344263
1061.5		0.00320824
1061		0.003563172
1060.5		0.003816213
1060		0.003817119
1059.5		0.003236863
1059		0.003934782
1058.5		0.003785503
1058		0.003447583
1057.5		0.003677341
1057		0.003512052
1056.5		0.004046547
1056		0.003673511
1055.5		0.003237429
1055		0.003347746
1054.5		0.003036218
1054		0.003893058
1053.5		0.003751541
1053		0.003469401
1052.5		0.002945397
1052		0.003353605
1051.5		0.003936106
1051		0.003696637
1050.5		0.003274302
1050		0.003205301
1049.5		0.003225559
1049		0.003486253
1048.5		0.003326514
1048		0.003363667
1047.5		0.003468441
1047		0.00360781
1046.5		0.003844479
1046		0.003247817
1045.5		0.003501426
1045		0.00339638
1044.5		0.003507372
1044		0.00317865
1043.5		0.003899065
1043		0.003406703
1042.5		0.003510008
1042		0.003484191
1041.5		0.003468351
1041		0.003763559
1040.5		0.00331236
1040		0.003467583
1039.5		0.003143896
1039		0.003742401
1038.5		0.003901564
1038		0.003469488
1037.5		0.002847341
1037		0.003578492
1036.5		0.003936827
1036		0.004107743
1035.5		0.003338247
1035		0.003563809
1034.5		0.00354736
1034		0.003251617
1033.5		0.003996694
1033		0.003779646
1032.5		0.003359344
1032		0.00377999
1031.5		0.003277212
1031		0.003864818
1030.5		0.003606267
1030		0.003120159
1029.5		0.004055654
1029		0.003465034
1028.5		0.00358739
1028		0.003704872
1027.5		0.003623568
1027		0.003717137
1026.5		0.003152565
1026		0.004016403
1025.5		0.003609254
1025		0.003282823
1024.5		0.003187473
1024		0.003457455
1023.5		0.003496748
1023		0.004125353
1022.5		0.003267031
1022		0.003696531
1021.5		0.003893299
1021		0.003269861
1020.5		0.002867851
1020		0.003354076
1019.5		0.003911123
1019		0.003336109
1018.5		0.003551665
1018		0.003722069
1017.5		0.003127913
1017		0.003322689
1016.5		0.003699041
1016		0.003474246
1015.5		0.003893807
1015		0.003916224
1014.5		0.004120303
1014		0.003809323
1013.5		0.003617825
1013		0.003452208
1012.5		0.003285678
1012		0.003467417
1011.5		0.00385787
1011		0.003000091
1010.5		0.003351645
1010		0.00355937
1009.5		0.003614799
1009		0.003198165
1008.5		0.004105945
1008		0.003123803
1007.5		0.003253247
1007		0.003283902
1006.5		0.003106432
1006		0.003776672
1005.5		0.003336552
1005		0.002829596
1004.5		0.003702117
1004		0.003446723
1003.5		0.003340965
1003		0.003591201
1002.5		0.003630223
1002		0.003883625
1001.5		0.003478514
1001		0.003986082
1000.5		0.003447719
1000		0.003895347
999.5		0.003223067
999		0.003637033
998.5		0.003480034
998		0.003797327
997.5		0.003221392
997		0.003834776
996.5		0.00399135
996		0.003631596
995.5		0.003604833
995		0.00358438
994.5		0.003232572
994		0.003904288
993.5		0.003399988
993		0.003428026
992.5		0.003241223
992		0.003643176
991.5		0.002967105
991		0.003527183
990.5		0.003601711
990		0.003394632
989.5		0.003762248
989		0.004098454
988.5		0.003865397
988		0.003379751
987.5		0.00395669
987		0.003261278
986.5		0.004044381
986		0.003735994
985.5		0.003214186
985		0.003768786
984.5		0.003300206
984		0.003666548
983.5		0.003845875
983		0.003453025
982.5		0.003273511
982		0.003319328
981.5		0.003578496
981		0.003677676
980.5		0.003576149
980		0.00378358
979.5		0.003256018
979		0.004446886
978.5		0.003408085
978		0.00354928
977.5		0.003882566
977		0.003116822
976.5		0.003857753
976		0.003410928
975.5		0.003663961
975		0.004128022
974.5		0.003526655
974		0.003697692
973.5		0.003317927
973		0.003080042
972.5		0.003685789
972		0.003320217
971.5		0.003109956
971		0.003316019
970.5		0.003673031
970		0.003727722
969.5		0.003220719
969		0.003518265
968.5		0.003715638
968		0.003797955
967.5		0.003656551
967		0.002979649
966.5		0.003919839
966		0.00406606
965.5		0.003613594
965		0.00386078
964.5		0.003721545
964		0.003847003
963.5		0.003377758
963		0.00371109
962.5		0.003570457
962		0.003435882
961.5		0.003474518
961		0.003494669
960.5		0.003856785
960		0.003268243
959.5		0.003560076
959		0.003743445
958.5		0.002996896
958		0.003297932
957.5		0.00299109
957		0.003433167
956.5		0.003321229
956		0.003406722
955.5		0.003463669
955		0.003330991
954.5		0.002993203
954		0.003436545
953.5		0.003801182
953		0.00356083
952.5		0.003544598
952		0.003109188
951.5		0.003108318
951		0.003617499
950.5		0.004009683
950		0.003874561
949.5		0.003593351
949		0.003761044
948.5		0.003504626
948		0.003818885
947.5		0.003483347
947		0.003893588
946.5		0.003934435
946		0.003299331
945.5		0.003310506
945		0.003937238
944.5		0.003244519
944		0.003597356
943.5		0.003363685
943		0.003430169
942.5		0.003720729
942		0.003090179
941.5		0.00375504
941		0.003431639
940.5		0.003463167
940		0.003706528
939.5		0.003229731
939		0.003672538
938.5		0.003735548
938		0.003338498
937.5		0.003403764
937		0.00329168
936.5		0.00356083
936		0.004028851
935.5		0.003920609
935		0.003722402
934.5		0.003586377
934		0.003476983
933.5		0.003435293
933		0.003233405
932.5		0.003880353
932		0.003336456
931.5		0.003336821
931		0.003983248
930.5		0.003960249
930		0.003467042
929.5		0.003731402
929		0.003525177
928.5		0.003380159
928		0.003353028
927.5		0.003013576
927		0.003653467
926.5		0.002792996
926		0.003509315
925.5		0.0032157
925		0.003820391
924.5		0.003535153
924		0.003788678
923.5		0.003992258
923		0.004465226
922.5		0.003801173
922		0.003576067
921.5		0.003903681
921		0.003812779
920.5		0.00329684
920		0.003563961
919.5		0.003997419
919		0.00369785
918.5		0.00364934
918		0.003800867
917.5		0.003772173
917		0.003339633
916.5		0.003313465
916		0.003888575
915.5		0.003690716
915		0.002947008
914.5		0.004070652
914		0.003846189
913.5		0.003608718
913		0.00383449
912.5		0.003956499
912		0.003934372
911.5		0.004423827
911		0.003703609
910.5		0.00358573
910		0.003434883
909.5		0.00395134
909		0.003930298
908.5		0.004136272
908		0.003460316
907.5		0.003111759
907		0.004262887
906.5		0.003506476
906		0.003788995
905.5		0.004041107
905		0.004072376
904.5		0.003817941
904		0.004079881
903.5		0.003565301
903		0.004059901
902.5		0.004425272
902		0.003715949
901.5		0.004130716
901		0.003894193
900.5		0.003430908
900		0.00359111
899.5		0.004110832
899		0.004341213
898.5		0.003854992
898		0.004085317
897.5		0.004117562
897		0.004328564
896.5		0.004806918
896		0.004002439
895.5		0.004081992
895		0.00464052
894.5		0.004501546
894		0.005072948
893.5		0.005053542
893		0.004794613
892.5		0.004959701
892		0.004758528
891.5		0.00571608
891		0.005422418
890.5		0.005728466
890		0.005698995
889.5		0.007032431
889		0.00624774
888.5		0.006223053
888		0.006903917
887.5		0.006986582
887		0.007443497
886.5		0.008287682
886		0.008408879
885.5		0.008410646
885		0.009645849
884.5		0.009372541
884		0.010299338
883.5		0.010665779
883		0.011912804
882.5		0.012391707
882		0.013071421
881.5		0.013915198
881		0.015746029
880.5		0.015807811
880		0.017300658
879.5		0.014312014
879		0.016691634
878.5		0.018827284
878		0.021283893
877.5		0.023086825
877		0.026045429
876.5		0.02888291
876		0.032015868
875.5		0.036197457
875		0.040014811
874.5		0.044546798
874		0.049908791
873.5		0.056348525
873		0.062947929
872.5		0.070824787
872		0.079759866
871.5		0.09009926
871		0.102134936
870.5		0.116273217
870		0.131737888
869.5		0.150608689
869		0.172574207
868.5		0.195370898
868		0.222278521
867.5		0.258345246
867		0.295560449
866.5		0.3390266
866		0.392673761
865.5		0.453716695
865		0.525688171
864.5		0.610310555
864		0.711269081
863.5		0.832644939
863		0.971807003
862.5		1.137074471
862		1.336774826
861.5		1.576771736
861		1.864932895
860.5		2.208054781
860		2.621393681
859.5		3.111386776
859		3.71366787
858.5		4.43192482
858		5.31797123
857.5		6.392147541
857		7.635614872
856.5		9.166439056
856		11.02266026
855.5		13.21124744
855		15.84840393
854.5		18.95196342
854		22.55824661
853.5		26.67729187
853		31.31186104
852.5		36.49499893
852		42.02629471
851.5		47.93962097
851		54.02677536
850.5		59.86942673
850		65.53646851
849.5		70.81136322
849		75.57588959
848.5		79.73679352
848		83.23620605
847.5		86.10674286
847		88.40258789
846.5		90.16738892
846		91.47882843
845.5		92.47208405
845		93.17082214
844.5		93.67433929
844		94.03453827
843.5		94.25431824
843		94.41490936
842.5		94.48477936
842		94.56235504
841.5		94.63544464
841		94.68281555
840.5		94.72476196
840		94.73771667
839.5		94.76353455
839		94.80927277
838.5		94.84296417
838		94.85966492
837.5		94.90231323
837		94.90239716
836.5		94.95396423
836		94.98058319
835.5		94.98605347
835		94.97366333
834.5		95.00337219
834		95.0298233
833.5		95.01049042
833		95.00554657
832.5		95.00248718
832		94.99850464
831.5		94.99504089
831		94.97666931
830.5		94.9779129
830		94.94926453
829.5		94.91468048
829		94.87348938
828.5		94.8515625
828		94.82336426
827.5		94.76654816
827		94.72499084
826.5		94.67742157
826		94.63200378
825.5		94.60022736
825		94.53123474
824.5		94.48265839
824		94.44425201
823.5		94.36867523
823		94.31604004
822.5		94.25970459
822		94.21092987
821.5		94.15971375
821		94.1157074
820.5		94.08287811
820		94.05831909
819.5		94.02307129
819		94.00041962
818.5		93.99638367
818		93.96218109
817.5		93.96407318
817		93.95573425
816.5		93.96484375
816		93.98368835
815.5		93.99107361
815		94.01720428
814.5		94.05239105
814		94.09429169
813.5		94.11385345
813		94.15827942
812.5		94.20561981
812		94.25032043
811.5		94.28707123
811		94.35390472
810.5		94.40251923
810		94.46148682
809.5		94.51853943
809		94.56009674
808.5		94.60043335
808		94.63615417
807.5		94.69113159
807		94.72028351
806.5		94.75562286
806		94.77742767
805.5		94.78321075
805		94.81703949
804.5		94.8476944
804		94.85307312
803.5		94.86126709
803		94.86367035
802.5		94.86988068
802		94.89336395
801.5		94.88433838
801		94.90472412
800.5		94.8950119
800		94.89582825
799.5		94.89787292
799		94.89442444
798.5		94.89877319
798		94.91281128
797.5		94.90798187
797		94.92804718
796.5		94.91984558
796		94.94315338
795.5		94.96525574
795		94.99034882
794.5		95.01353455
794		95.02951813
793.5		95.05165863
793		95.09883881
792.5		95.12039185
792		95.17253113
791.5		95.19779968
791		95.2488327
790.5		95.26306152
790		95.30861664
789.5		95.35260773
789		95.37464142
788.5		95.41883087
788		95.44052124
787.5		95.46793365
787		95.50450134
786.5		95.52614594
786		95.54368591
785.5		95.56633759
785		95.57848358
784.5		95.59728241
784		95.61122894
783.5		95.61438751
783		95.62762451
782.5		95.62800598
782		95.61798859
781.5		95.62430573
781		95.60932159
780.5		95.59898376
780		95.60150146
779.5		95.58217621
779		95.58492279
778.5		95.57600403
778		95.57484436
777.5		95.57271576
777		95.5721283
776.5		95.56223297
776		95.57938385
775.5		95.55654907
775		95.5622406
774.5		95.57171631
774		95.56952667
773.5		95.56741333
773		95.58177948
772.5		95.58627319
772		95.58631134
771.5		95.59614563
771		95.61782837
770.5		95.63202667
770		95.66215515
769.5		95.66924286
769		95.69831848
768.5		95.70809174
768		95.71726227
767.5		95.73749542
767		95.74354553
766.5		95.74755096
766		95.76992798
765.5		95.75251007
765		95.76077271
764.5		95.766922
764		95.75970459
763.5		95.74584961
763		95.73712158
762.5		95.72703552
762		95.71692657
761.5		95.70317841
761		95.69319153
760.5		95.6827774
760		95.66025543
759.5		95.64044952
759		95.61564636
758.5		95.59729767
758		95.57137299
757.5		95.55206299
757		95.52070618
756.5		95.51032257
756		95.48564911
755.5		95.48046875
755		95.46550751
754.5		95.46095276
754		95.46089935
753.5		95.45578766
753		95.46932983
752.5		95.4719696
752		95.48019409
751.5		95.50230408
751		95.50955963
750.5		95.51403809
750		95.53924561
749.5		95.55086517
749		95.58462524
748.5		95.60120392
748		95.62735748
747.5		95.66424561
747		95.67758179
746.5		95.70253754
746		95.74105835
745.5		95.7515564
745		95.75618744
744.5		95.78005981
744		95.79427338
743.5		95.80140686
743		95.80586243
742.5		95.80632782
742		95.78474426
741.5		95.79436493
741		95.77792358
740.5		95.77464294
740		95.75774384
739.5		95.75128937
739		95.73713684
738.5		95.72509766
738		95.71291351
737.5		95.68974304
737		95.68138885
736.5		95.65351868
736		95.62695313
735.5		95.61701202
735		95.60330963
734.5		95.61122894
734		95.59713745
733.5		95.60238647
733		95.59962463
732.5		95.62360382
732		95.6322937
731.5		95.65898132
731		95.67225647
730.5		95.6991806
730		95.69911957
729.5		95.71335602
729		95.71865845
728.5		95.71213531
728		95.69803619
727.5		95.68022156
727		95.64569855
726.5		95.59773254
726		95.54069519
725.5		95.46567535
725		95.3759613
724.5		95.27307129
724		95.14488983
723.5		94.99261475
723		94.82563019
722.5		94.6261673
722		94.41209412
721.5		94.18540192
721		93.92852783
720.5		93.67390442
720		93.41854095
719.5		93.13987732
719		92.89350891
718.5		92.64115906
718		92.4066925
717.5		92.19234467
717		92.00576782
716.5		91.87669373
716		91.73113251
715.5		91.6437912
715		91.602211
714.5		91.59977722
714		91.62293243
713.5		91.67040253
713		91.6986084
712.5		91.70812225
712		91.64266205
711.5		91.4132309
711		90.96450806
710.5		90.15882874
710		88.90181732
709.5		87.03437042
709		84.41776276
708.5		80.94581604
708		76.56930542
707.5		71.30010223
707		65.21663666
706.5		58.65731049
706		51.70717239
705.5		44.75894928
705		38.18418121
704.5		31.91788864
704		26.29157066
703.5		21.52778053
703		17.39184189
702.5		14.00503635
702		11.19564915
701.5		8.908792496
701		7.085460663
700.5		5.631579399
700		4.492287636
699.5		3.574883461
699		2.846688032
698.5		2.284825802
698		1.826280951
697.5		1.463958025
697		1.180334687
696.5		0.952063024
696		0.771594286
695.5		0.624437153
695		0.507858396
694.5		0.413416416
694		0.337403417
693.5		0.277583957
693		0.227489665
692.5		0.187054858
692		0.155019015
691.5		0.127949119
691		0.106055372
690.5		0.088045463
690		0.073372111
689.5		0.061275657
689		0.051172566
688.5		0.042806234
688		0.035952374
687.5		0.030180201
687		0.025707094
686.5		0.021561885
686		0.018233191
685.5		0.01540433
685		0.013036922
684.5		0.01124911
684		0.009446155
683.5		0.00800872
683		0.006878893
682.5		0.005990793
682		0.004978518
681.5		0.00429773
681		0.003796826
680.5		0.003227568
680		0.00268952
679.5		0.002436332
679		0.00206477
678.5		0.001765301
678		0.001546864
677.5		0.001360873
677		0.001274109
676.5		0.001022145
676		0.000936532
675.5		0.00087792
675		0.000665469
674.5		0.000597958
674		0.000526901
673.5		0.000475003
673		0.000447933
672.5		0.000296369
672		0.000283723
671.5		0.000333113
671		0.000294274
670.5		0.000270366
670		0.000166093
669.5		0.000321247
669		0.000106658
668.5		5.63E-05
668		7.69E-05
667.5		0.000185963
667		8.46E-05
666.5		3.96E-05
666		6.31E-05
665.5		0.000157918
665		0.000185563
664.5		0.000128186
664		-3.34E-05
663.5		-5.56E-05
663		0.000144092
662.5		-1.26E-05
662		-6.28E-05
661.5		-0.000112857
661		-1.06E-05
660.5		0.000112709
660		2.12E-05
659.5		1.73E-05
659		-1.56E-05
658.5		0.000114427
658		-4.86E-05
657.5		4.11E-05
657		5.07E-05
656.5		0.000159093
656		-8.24E-05
655.5		3.27E-05
655		8.02E-05
654.5		4.34E-05
654		2.11E-05
653.5		3.38E-05
653		-4.06E-06
652.5		-7.19E-05
652		6.40E-05
651.5		4.42E-05
651		9.48E-05
650.5		-5.95E-05
650		3.44E-05
649.5		1.40E-05
649		5.57E-05
648.5		6.93E-05
648		-1.85E-05
647.5		-9.80E-06
647		7.38E-05
646.5		5.36E-05
646		5.53E-06
645.5		8.42E-05
645		-7.50E-06
644.5		3.50E-05
644		-2.79E-05
643.5		-1.82E-05
643		2.62E-05
642.5		-1.78E-05
642		7.77E-05
641.5		5.25E-05
641		3.62E-05
640.5		-4.35E-05
640		9.15E-05
639.5		9.67E-05
639		0.000101664
638.5		0.000148866
638		0.000143324
637.5		9.35E-05
637		4.82E-05
636.5		2.48E-05
636		9.18E-05
635.5		6.39E-05
635		9.19E-05
634.5		0.000147502
634		2.80E-05
633.5		0.000219108
633		-7.73E-07
632.5		0.000211208
632		9.18E-05
631.5		0.000202102
631		0.000167252
630.5		0.000244635
630		4.11E-05
629.5		0.000101476
629		0.000123108
628.5		3.76E-05
628		0.000155062
627.5		-1.80E-05
627		-1.66E-05
626.5		9.17E-05
626		0.000141869
625.5		7.34E-05
625		0.000127614
624.5		2.43E-05
624		-2.12E-05
623.5		2.67E-05
623		9.23E-05
622.5		9.56E-05
622		0.000178308
621.5		0.000120838
621		0.000136799
620.5		9.55E-05
620		0.000130753
619.5		0.000187054
619		-4.66E-06
618.5		4.81E-05
618		9.93E-05
617.5		9.38E-05
617		0.000167283
616.5		0.000140879
616		0.000140965
615.5		0.000222655
615		0.000131237
614.5		0.000130626
614		0.000147868
613.5		0.000177188
613		0.000208801
612.5		0.000219241
612		0.000195359
611.5		0.000169317
611		0.00019586
610.5		0.000214915
610		0.000235237
609.5		0.000133721
609		0.000236745
608.5		0.000147323
608		0.000225182
607.5		0.000318703
607		0.000234773
606.5		0.000241384
606		0.000214126
605.5		0.000160426
605		0.000222984
604.5		0.000203242
604		0.000295225
603.5		0.000288028
603		8.65E-05
602.5		0.000155303
602		0.000312573
601.5		0.000237223
601		0.000296336
600.5		0.000120694
600		0.00034215
599.5		0.000374638
599		0.000230224
598.5		0.000325974
598		0.000292769
597.5		0.000299618
597		0.000375421
596.5		0.000236666
596		0.00028834
595.5		0.00029461
595		0.000295316
594.5		0.000340653
594		0.000263358
593.5		0.000309127
593		0.000297563
592.5		0.000362465
592		0.000247748
591.5		0.000435454
591		0.000312992
590.5		0.000304963
590		0.000365695
589.5		0.000317137
589		0.000537436
588.5		0.000242206
588		0.000401343
587.5		0.000364659
587		0.000433871
586.5		0.000246259
586		0.00037856
585.5		0.000406542
585		0.000387209
584.5		0.000357212
584		0.000352593
583.5		0.000429237
583		0.00050916
582.5		0.000535318
582		0.000443144
581.5		0.000422305
581		0.00037955
580.5		0.000347573
580		0.000434454
579.5		0.000440473
579		0.000395222
578.5		0.000351228
578		0.000371404
577.5		0.000430061
577		0.000444862
576.5		0.000424738
576		0.000460077
575.5		0.000375072
575		0.000429855
574.5		0.000469389
574		0.000441301
573.5		0.000486769
573		0.000309919
572.5		0.000428017
572		0.000467063
571.5		0.000502013
571		0.000445015
570.5		0.00050077
570		0.00048267
569.5		0.000378718
569		0.000498595
568.5		0.000524702
568		0.000547819
567.5		0.000473956
567		0.000495103
566.5		0.000530233
566		0.000437788
565.5		0.000612332
565		0.000402016
564.5		0.000507333
564		0.000561966
563.5		0.000563364
563		0.000317936
562.5		0.000597862
562		0.000586467
561.5		0.00054665
561		0.000633741
560.5		0.000571164
560		0.000454812
559.5		0.000539271
559		0.00050671
558.5		0.000553945
558		0.000572841
557.5		0.000491491
557		0.0005351
556.5		0.000453446
556		0.000568365
555.5		0.000609325
555		0.000600023
554.5		0.00058915
554		0.000752076
553.5		0.000532451
553		0.000596292
552.5		0.000584316
552		0.000702284
551.5		0.000617169
551		0.000566304
550.5		0.000641802
550		0.000549975
549.5		0.000578236
549		0.00056864
548.5		0.000561817
548		0.000625455
547.5		0.000613958
547		0.000591189
546.5		0.000563329
546		0.000556043
545.5		0.000612353
545		0.000585174
544.5		0.000473878
544		0.000506255
543.5		0.000650986
543		0.000559555
542.5		0.000563778
542		0.00051084
541.5		0.000404686
541		0.000543859
540.5		0.000532798
540		0.000540313
539.5		0.000484078
539		0.000433291
538.5		0.000564443
538		0.000505897
537.5		0.000532789
537		0.000617128
536.5		0.000582926
536		0.00075236
535.5		0.000593115
535		0.000498166
534.5		0.000541371
534		0.000594419
533.5		0.000602357
533		0.000489142
532.5		0.000571593
532		0.000521297
531.5		0.000532771
531		0.000469135
530.5		0.000470072
530		0.000546671
529.5		0.000481463
529		0.000490087
528.5		0.000511529
528		0.000475817
527.5		0.000486468
527		0.000506218
526.5		0.000508855
526		0.000530726
525.5		0.000529798
525		0.000564913
524.5		0.000515033
524		0.000558821
523.5		0.000469111
523		0.00045033
522.5		0.000530906
522		0.000567113
521.5		0.000555416
521		0.00054406
520.5		0.000536108
520		0.000539884
519.5		0.000450364
519		0.000453622
518.5		0.00042895
518		0.000459259
517.5		0.000360169
517		0.000447922
516.5		0.00039558
516		0.000295286
515.5		0.000309775
515		0.000302855
514.5		0.000255925
514		0.000299136
513.5		0.000231505
513		0.000227583
512.5		0.000372219
512		0.000255519
511.5		0.000340146
511		0.000160655
510.5		0.000167694
510		0.000220765
509.5		0.000236157
509		0.000248906
508.5		0.000439761
508		0.00031194
507.5		0.000345848
507		0.000354901
506.5		0.000404448
506		0.00044748
505.5		0.000481743
505		0.000477338
504.5		0.000510635
504		0.000390959
503.5		0.000418706
503		0.000487334
502.5		0.000444765
502		0.000540517
501.5		0.000478532
501		0.000558322
500.5		0.000433888
500		0.000459341
499.5		0.000563433
499		0.000456519
498.5		0.000447967
498		0.000449459
497.5		0.000504782
497		0.000567846
496.5		0.000517179
496		0.000565778
495.5		0.000483828
495		0.000449585
494.5		0.000442134
494		0.000506158
493.5		0.000525258
493		0.000470807
492.5		0.000402721
492		0.000516507
491.5		0.000425159
491		0.00043466
490.5		0.000518514
490		0.000523529
489.5		0.000430395
489		0.000424329
488.5		0.000355645
488		0.000455723
487.5		0.000505445
487		0.000574184
486.5		0.000506973
486		0.000483615
485.5		0.000447127
485		0.000596501
484.5		0.000431919
484		0.000478638
483.5		0.00059914
483		0.000407745
482.5		0.00045009
482		0.000421298
481.5		0.000475573
481		0.000451375
480.5		0.000528964
480		0.000457778
479.5		0.000496366
479		0.000486515
478.5		0.000555041
478		0.000564329
477.5		0.000500893
477		0.000494675
476.5		0.000436732
476		0.000525888
475.5		0.000521718
475		0.000489313
474.5		0.000495889
474		0.000475592
473.5		0.000535804
473		0.000382387
472.5		0.000393389
472		0.00048171
471.5		0.000518
471		0.000435918
470.5		0.000521469
470		0.00042325
469.5		0.00061216
469		0.000491114
468.5		0.000534702
468		0.00034659
467.5		0.000514112
467		0.000531321
466.5		0.000495962
466		0.000496269
465.5		0.000383781
465		0.000567518
464.5		0.000566644
464		0.000377166
463.5		0.000409628
463		0.000409107
462.5		0.000452722
462		0.000500734
461.5		0.000499491
461		0.000505793
460.5		0.000433401
460		0.000552429
459.5		0.000453541
459		0.000368408
458.5		0.000536336
458		0.000530561
457.5		0.000496203
457		0.000515304
456.5		0.000492412
456		0.000519747
455.5		0.000441975
455		0.000419422
454.5		0.000402101
454		0.00045699
453.5		0.000512527
453		0.000375283
452.5		0.000479661
452		0.000453804
451.5		0.000519482
451		0.000439228
450.5		0.000452941
450		0.000405805
449.5		0.000429531
449		0.000502785
448.5		0.000417704
448		0.000357781
447.5		0.000411235
447		0.000404236
446.5		0.000357191
446		0.000421793
445.5		0.000439435
445		0.000480663
444.5		0.000445977
444		0.000438591
443.5		0.000394013
443		0.000402648
442.5		0.000411399
442		0.000438548
441.5		0.000475753
441		0.000312172
440.5		0.000481799
440		0.000357335
439.5		0.000511731
439		0.000487665
438.5		0.000575707
438		0.000403511
437.5		0.000437432
437		0.000497759
436.5		0.000501779
436		0.000401114
435.5		0.000406276
435		0.000507103
434.5		0.000279614
434		0.000424329
433.5		0.000366104
433		0.000468742
432.5		0.000352781
432		0.000339656
431.5		0.00043867
431		0.000507091
430.5		0.000463891
430		0.000351707
429.5		0.000511953
429		0.000407815
428.5		0.00046248
428		0.000286383
427.5		0.000419644
427		0.000414583
426.5		0.000498895
426		0.000410397
425.5		0.000487685
425		0.000458992
424.5		0.000540037
424		0.00042629
423.5		0.000441565
423		0.000389948
422.5		0.000404279
422		0.000350157
421.5		0.000322251
421		0.000363243
420.5		0.000345106
420		0.000396251
419.5		0.000319275
419		0.0004314
418.5		0.00050531
418		0.000490177
417.5		0.000371833
417		0.000277203
416.5		0.000376247
416		0.000397336
415.5		0.000318057
415		0.000432092
414.5		0.000310392
414		0.000190298
413.5		0.000412413
413		0.000431138
412.5		0.000474633
412		0.00046455
411.5		0.000316748
411		0.000471952
410.5		0.000218997
410		0.000450109
409.5		0.000256939
409		0.000296061
408.5		0.000351435
408		0.000351277
407.5		0.000425413
407		0.000332715
406.5		0.000372338
406		0.000383302
405.5		0.000463782
405		0.000150005
404.5		0.000274439
404		0.000206153
403.5		0.000253448
403		0.00028531
402.5		0.000412799
402		0.000234239
401.5		0.000284646
401		2.83E-05
400.5		0.000252873
400		0.000306569
399.5		0.000158439
399		0.000290031
398.5		0.000243235
398		0.000127847
397.5		0.000204735
397		0.000120833
396.5		0.000176935
396		9.35E-05
395.5		0.000165943
395		0.000190204
394.5		0.000269985
394		0.000216805
393.5		9.54E-05
393		0.000277578
392.5		7.59E-05
392		0.000205208
391.5		0.000261065
391		0.000135998
390.5		0.000172625
390		9.78E-05
389.5		0.000272324
389		0.000195962
388.5		0.000224314
388		0.000122722
387.5		0.000247545
387		0.000221598
386.5		0.000140583
386		0.000213235
385.5		0.000182239
385		0.000216193
384.5		8.73E-05
384		0.00029038
383.5		0.00017082
383		5.70E-05
382.5		0.000195213
382		0.000154357
381.5		8.61E-05
381		0.000186077
380.5		0.000155754
380		0.00016921
379.5		0.000209367
379		0.000186789
378.5		0.000150428
378		0.00026797
377.5		0.000213688
377		8.48E-05
376.5		0.000129197
376		3.83E-05
375.5		0.000240044
375		0.000150625
374.5		0.000205718
374		0.000104807
373.5		0.000143675
373		0.000222512
372.5		0.000142905
372		0.000104916
371.5		0.000164164
371		0.000195963
370.5		0.000153101
370		5.42E-05
369.5		0.000185475
369		0.00020619
368.5		0.000195682
368		0.000174749
367.5		0.00022381
367		0.00014348
366.5		0.000210156
366		5.00E-05
365.5		0.000244057
365		0.000105272
364.5		0.000143922
364		-5.45E-05
363.5		3.59E-05
363		0.000246913
362.5		0.000130158
362		7.67E-05
361.5		0.00018994
361		-1.93E-05
360.5		0.000178409
360		0.00026937
359.5		0.000139219
359		-6.89E-05
358.5		0.000148142
358		0.000179825
357.5		0.000208044
357		7.83E-05
356.5		0.000105268
356		5.35E-05
355.5		0.000191313
355		0.000140496
354.5		0.000123606
354		0.000243053
353.5		-5.12E-05
353		0.000214176
352.5		0.000209184
352		0.000238092
351.5		0.000117733
351		0.000192536
350.5		0.000133144
350		0.000107995
349.5		-0.000584607
349		0.000123186
348.5		5.62E-05
348		0.000189177
347.5		2.14E-05
347		0.000142175
346.5		0.000239788
346		8.58E-05
345.5		6.58E-05
345		0.000169555
344.5		0.000230823
344		0.000138035
343.5		0.000226998
343		0.000100083
342.5		0.000186939
342		0.000331451
341.5		8.89E-05
341		8.18E-05
340.5		0.000169214
340		3.42E-06
339.5		0.000181661
339		0.000268715
338.5		0.000147989
338		0.00015604
337.5		0.000124018
337		0.000241656
336.5		0.00013155
336		0.000203145
335.5		0.000189325
335		0.000209131
334.5		0.000211549
334		6.23E-05
333.5		0.000143476
333		0.000138182
332.5		0.000173435
332		0.00038289
331.5		3.34E-05
331		0.000224336
330.5		0.000161276
330		0.000241666
329.5		0.000233452
329		0.000268117
328.5		7.03E-05
328		0.000165183
327.5		0.000185012
327		8.49E-05
326.5		0.000148587
326		0.000147007
325.5		8.97E-05
325		0.000124684
324.5		0.000189348
324		0.000128051
323.5		0.000224443
323		4.62E-05
322.5		0.00023308
322		0.000199781
321.5		2.69E-05
321		0.000108817
320.5		0.000254134
320		0.000301551
319.5		4.77E-05
319		0.000183124
318.5		0.000219131
318		0.000109848
317.5		0.000110598
317		0.000147889
316.5		0.000167717
316		0.000162728
315.5		0.000197292
315		0.000147941
314.5		0.000218817
314		8.90E-05
313.5		0.000148854
313		0.000178311
312.5		0.000103843
312		8.03E-05
311.5		0.000216925
311		0.000169995
310.5		0.000139312
310		0.000154844
309.5		0.000362549
309		0.000240614
308.5		0.000242289
308		0.000122759
307.5		6.24E-05
307		0.000280311
306.5		0.000153701
306		0.000201505
305.5		0.000191708
305		0.000102048
304.5		0.000176205
304		0.000195807
303.5		0.000164275
303		9.77E-06
302.5		0.000314018
302		0.000113496
301.5		0.000234533
301		0.000131456
300.5		0.000214601
300		0.000280565
