7.852728913231085128e-01
1.078951531282763554e+00
4.126589102592574387e-01
7.809182875034970106e-01
1.089020664081509659e+00
5.422783583036002719e-01
1.000657849087900786e+00
7.113244211150601126e-01
1.292711700929006335e+00
1.181180941057280664e+00
1.345179956069771920e+00
1.428349894579468149e+00
6.852419512328629114e-01
4.597855119902742316e-01
1.180673871905648098e-01
6.163649931451581354e-01
9.481477724017122188e-01
3.740755684014216986e-01
1.047989022266396786e+00
5.837852171223643083e-01
7.481685037344398825e-02
9.358016608672297121e-01
1.464641719746139659e+00
1.393684439568230182e+00
1.456944810394680490e+00
1.317147075525815225e+00
1.066000207476337724e+00
2.753292493065544466e-01
8.588378710903900037e-01
3.904110824957948700e-01
5.189073794202430090e-01
1.619297533138488454e-01
3.953533356397388454e-01
1.459055016922962134e+00
1.160426998716207914e+00
4.370415934841220817e-02
8.256455663100921161e-01
1.388854911922871915e+00
5.151370130363044364e-01
1.193424176166931083e+00
1.236123170290616802e+00
5.063086150742417413e-01
2.823811705385278481e-01
7.642143603007733876e-01
9.902433078696176727e-01
9.121178178334712339e-01
7.595297427646983124e-01
4.867621813655129692e-01
1.455016134539230288e+00
4.262465615362569515e-01
1.243347065512820260e+00
4.052032964650544300e-01
3.729470272130486208e-02
9.621873516705691243e-01
1.300131458374713000e+00
1.253201439484617152e+00
9.913689329799004746e-01
9.932958784924927897e-01
2.718332844732712639e-02
8.632456585665166937e-01
1.341360219845535884e+00
1.291883469613389068e-01
1.367595781838232050e+00
7.946335486184630259e-02
7.825672913050338853e-01
6.869498882310591803e-01
1.445776951643291897e+00
1.329854117567474292e+00
7.282229041604324493e-01
2.480184336970231440e-01
8.876546185095564034e-01
3.294251878522261312e-01
4.087384958087944553e-01
1.930541592621825564e-01
8.831085081942421366e-01
5.177953628552225407e-01
1.228552041824487295e+00
6.795014481421742802e-01
1.479444598990862447e+00
7.066053255010125156e-01
3.173928998338676477e-02
6.120443784863054404e-01
1.133481441744284224e+00
9.734582671644038676e-01
1.465538090051094144e+00
5.948294156760456364e-01
5.945372747275033953e-01
6.013847972751109605e-01
1.702357443527124370e-01
6.352408695843281272e-02
1.101627536993141199e+00
1.156804529921910407e-01
9.212071430054056265e-01
1.432199119494312889e+00
4.779004154560645423e-02
7.752886021852094522e-01
1.060961074366704726e-01
1.328210654332253160e+00
4.511959896887455246e-01
3.482464498204586034e-01
1.256831522339243667e+00
3.681472718612521788e-02
1.246891615487257798e-01
1.661047827860558934e-01
8.033687189239111515e-01
5.904938202631158095e-01
2.970001029571952000e-01
4.262871746565444209e-01
8.593087586263705724e-01
1.174894651166793036e+00
8.538914331443739902e-01
1.550595247107849906e-02
1.177113114496351476e-01
1.477776373687710088e+00
8.418386751464645990e-01
7.312473108176226200e-02
9.638159703093187591e-01
8.390573257067623913e-01
1.390461389233895284e+00
8.760946411952883484e-01
8.448577656704396865e-01
9.009009920944754946e-01
1.412176046593089263e+00
1.380032973916893724e+00
1.418612834997420746e+00
4.519324509267930723e-01
1.175609537586094655e+00
3.068899775865625013e-01
1.049138710656272622e+00
5.475766288204457766e-01
9.403175350201031790e-01
5.254318820286415503e-01
1.021676444360726910e+00
2.561091834283613644e-01
2.946434272026023371e-01
1.394013868431802639e-01
4.332454487868099280e-01
4.284641782189719805e-01
2.415767254406345765e-01
8.512975995736409285e-01
1.419421607539582464e+00
3.352373261220933931e-01
7.332370255525415548e-01
3.096205169713414085e-01
1.405864226267103723e+00
1.265186564315816886e+00
1.067408947999188840e+00
2.538328998475671283e-01
1.280483963162991179e+00
5.164673319297704568e-01
6.318500043995034510e-02
8.287264663942710552e-01
3.579432047238944037e-01
6.689595950520166312e-01
3.927897157731619071e-02
1.085243261735028497e+00
1.133534913301917912e+00
9.243084710621760625e-01
7.654920436970069630e-01
4.138765688965289069e-01
4.988365276995669340e-01
9.481679998869114723e-01
7.000223125844315941e-01
3.371993507892037112e-01
7.701581805532858871e-02
1.112293503763405633e+00
1.265366322894005746e+00
1.044010014548040211e+00
1.395747012681673449e-01
5.697521299657010152e-01
9.190673713626776875e-01
2.511246907820587349e-01
1.319425771041974560e+00
6.855937572513601808e-01
4.965534819686736601e-01
7.254257726143658047e-01
6.932871306853618520e-01
8.766082001760171494e-01
5.885474985081148303e-01
1.279543833730254709e+00
1.296874730455207514e+00
4.762649631814908635e-01
5.710598119502934278e-01
1.156252560155624165e+00
6.700549547941039297e-01
6.356617874339781649e-02
5.122359886454743716e-01
5.523324109856737607e-01
2.674969050879210664e-01
5.274218507442609560e-01
1.263871471833585503e+00
1.469408830968426338e+00
7.271908225737260256e-01
2.674683594900540973e-01
8.950402394979297682e-01
9.261645630215979974e-01
1.386861718460301374e+00
8.424915208843812842e-01
7.340899920557055758e-01
1.636738166945446715e-01
1.370516031924094102e+00
1.126290646720613964e+00
9.894871663935089767e-01
1.401037811874789707e+00
1.467984309614473792e+00
1.457414484860683590e+00
5.844254686260881293e-01
7.114673120474072077e-01
1.136238244861629276e+00
1.455807466836275932e+00
3.254547891434272922e-01
8.711435773894938839e-01
1.163881264687890438e+00
1.245904324076427816e+00
9.920023664400630103e-01
2.248977028806894429e-01
5.050457495538025476e-01
1.173384868364093725e+00
1.459814857817228084e+00
8.341677914944722882e-01
1.362703413789459139e+00
1.950342538914855983e-01
1.987786803477221698e-01
1.343212600570096837e+00
1.378829210294707064e+00
1.374096582800046207e+00
8.586027127504813894e-01
1.230067712159037319e+00
9.712637312901257758e-01
1.444575240894364065e-01
1.110154591997462026e+00
4.778094319215829278e-01
6.239304370366769437e-01
9.879577506705434775e-01
3.344113628186694553e-01
3.706315122229533743e-01
1.264658798357085834e+00
1.389562879087139713e+00
6.649193470469814127e-01
3.711767376428413701e-01
4.851188333154966559e-01
1.299794608431750209e-01
2.603737687837355264e-01
1.319249061093089592e+00
1.306657581137665280e+00
1.508924828951079822e-01
1.066753649429503570e+00
2.932751984016146451e-01
6.354009408783716228e-01
1.819229198575253448e-01
7.041690637252631113e-01
9.001872895314178002e-01
6.535513372506389640e-01
9.037079420044273892e-01
4.782893384403348325e-01
8.386284137849314702e-02
4.492691441629886873e-02
1.434026198180232137e-01
7.922820329859004973e-01
5.454251562640081152e-01
7.009924447489037647e-01
9.236917297762348156e-01
6.929048981665837381e-01
1.101553718010265470e+00
1.442292798166890710e+00
9.094722239512651463e-01
1.023769625133939876e+00
1.305769782997485473e+00
6.153808311208042170e-03
7.972849734719992254e-01
4.070731180360507850e-01
5.885866724472030853e-01
5.971882656570065562e-01
3.608992333125138896e-01
8.281165294663913601e-01
1.184905864447133528e+00
8.103224032434460655e-01
1.296360568447644024e+00
2.742175984518568921e-01
6.583369811607930888e-02
9.043294145588871569e-01
7.283900755553109896e-01
1.453554707974254345e+00
4.162345474566122583e-01
2.065799033883982116e-01
5.829101320134193465e-01
3.197491150110226554e-02
1.590753383168543311e-01
9.556683467621416295e-01
1.151656985847247405e+00
1.378644193941281015e+00
9.132398375780268474e-01
4.052927164331060483e-02
6.491295259332936496e-01
4.349794811545066864e-01
1.168056331052387264e-01
1.161550078569895561e+00
1.435780675552997154e+00
5.290153560580794778e-01
7.560494986714866306e-01
1.636189099301069150e-01
6.882927740117327220e-01
6.374805000814381950e-02
1.168012273491924269e+00
1.281185678665560879e+00
1.944873439536060067e-02
1.017384198564781350e+00
3.938482714150412511e-01
1.487085878784916160e-01
1.486128048789701728e+00
9.031323242911406535e-01
3.762976407977253190e-01
8.642429053001969841e-01
8.848167267488451504e-01
3.684018580441922319e-02
1.186362981354966761e+00
4.092243782427675280e-01
1.496407525540050854e+00
1.183146742502659166e+00
6.857327694208881219e-01
1.030113603175364934e-01
9.099217908979004843e-01
2.656239376199970859e-01
1.435800764571624200e+00
7.102343040491223558e-01
1.242671455806795056e+00
1.483530736468040345e+00
6.510865367045653995e-02
1.181566506745814538e+00
8.273933564577928834e-01
8.650679833644074890e-01
5.892865352499887521e-02
2.801908258751106828e-02
1.395133467280650574e+00
9.847845150696001859e-01
6.363944358807587243e-01
1.240529002348916165e+00
5.069203248525380179e-01
2.630500297536239040e-01
9.307352069409595696e-01
1.957203510255356993e-01
1.202007566851324594e+00
9.554168868850260177e-02
4.072857160961230738e-01
3.401815173352281674e-01
4.678659982806260276e-02
2.222808884644592031e-01
1.427483591180219946e+00
2.643505390232608887e-02
8.134989531446858990e-01
1.289714521692220783e+00
1.347615682822089989e+00
1.333022323604954984e+00
1.435219436789600955e+00
7.675571949374299097e-02
7.582151494444862028e-01
1.458838391781708710e+00
3.018471400840766483e-02
1.260150232217551736e+00
5.433849154386767299e-01
3.265957392379456592e-01
9.499314110129249977e-01
3.424114407029462681e-01
3.600294796388591734e-01
1.155789086246997721e+00
8.084238566733292775e-01
6.561682381556555033e-01
7.756943554075980130e-01
1.400399649404257207e+00
9.925984810559098648e-01
5.371958125464271205e-01
1.319522535432317900e+00
7.306006670030116279e-01
1.260626833219016252e+00
5.084957187629807196e-01
7.478767821090628320e-01
1.017458999945862752e+00
6.645982331413244903e-01
3.635926069493009560e-01
5.826302407391916738e-01
7.499920724927175986e-01
2.698718929985824411e-01
1.003115854759586867e+00
1.303869381017095375e+00
9.586824281200303499e-01
9.055275654608757607e-01
7.533397911071779696e-01
8.906675071149255940e-02
4.809254753989716802e-02
2.854728599194625849e-01
1.113981153216362596e+00
5.032827829303199163e-01
1.915938258426250207e-01
1.125961415776768781e+00
1.032064875746395050e+00
1.273866653870506349e+00
4.553467050038938480e-01
1.368442266288031339e+00
1.604446179627151414e-01
1.338286036823835845e-01
6.699732862837022296e-01
4.622276548214009351e-01
5.837258772274080965e-01
7.479738102129560584e-01
1.261598342894513447e+00
1.314576060923716039e+00
3.218494836677710524e-01
3.478887779104693490e-01
6.641920662477602821e-01
5.665695931203207358e-01
1.124699291536603640e+00
1.443137966551266027e+00
1.030295742732691422e-01
2.101465704348776109e-01
1.897995742501988325e-01
1.255864467721660827e+00
6.462797942839337839e-02
7.473685307988640059e-01
6.497816270996747967e-01
8.748728883450929139e-01
1.231052135636797162e+00
1.098897986152294060e+00
4.784932436555716651e-02
1.198237242284174497e+00
4.186347652031502942e-01
8.122648280240045704e-01
4.691330277318670472e-01
4.866331662717671702e-01
2.501138455431545782e-01
6.988209022997111663e-01
1.028438150417524399e+00
1.162022893470669116e+00
9.992799468200396218e-01
1.277038662652688839e+00
9.713916437469827247e-01
9.677011985006340744e-01
9.367936076966117964e-01
2.705314999165686629e-01
5.824969357511233792e-01
6.020621308163358609e-01
2.059231144677841074e-01
9.914545041818176863e-01
6.366855563360586112e-01
2.760287939109884459e-02
1.400187558482044015e+00
6.388054327119840892e-01
1.933971656377784232e-01
8.862885194039427095e-01
1.936893597789380861e-01
4.396126993543023609e-01
4.290535113306875870e-02
1.055514441363059053e-02
8.818219229979921137e-01
1.497289327562570938e+00
8.483747707593721765e-01
1.392699970820665545e-02
1.408381469155326915e+00
1.120785546340024919e+00
1.451823460392988485e+00
1.297791584871504700e+00
8.247964397291862593e-01
1.000229757748424708e+00
5.919381790738134086e-01
1.368572114364469572e+00
8.351570506600577426e-01
6.160805413331633673e-01
1.021595149700299077e+00
8.801924870019289804e-02
6.408236537711614611e-02
5.648077248446983223e-01
8.536068827762490763e-01
1.420110793743417199e+00
9.421278702694080298e-01
5.381442498574660060e-01
1.379987950050762135e+00
2.163373351510707310e-01
6.993867188894522524e-01
1.237037220846619157e+00
2.756873932702674779e-01
9.113149523292387588e-01
3.674665677869410341e-01
6.584632930572820175e-03
2.070235974115486322e-03
4.050181604147501946e-01
1.146506834894808202e+00
6.071539682394466730e-01
3.561413601094775561e-01
5.694038598606759871e-01
8.759589406922370092e-01
1.000196603484509339e+00
8.182314201749225635e-01
8.814062752905464926e-01
8.648334265287431766e-01
1.210916929312139345e+00
1.149882477190055319e+00
1.427482432288528891e+00
2.075520196858461897e-01
5.496787008353590798e-01
9.551622465171067944e-01
1.288210351207318860e+00
1.892743074993734620e-01
9.287249390583167674e-01
7.533665531449980080e-01
5.952752843465568544e-01
6.880963188772386552e-01
1.087571381174211815e+00
1.092996602135593687e+00
5.764654071975094940e-01
4.247429949344538880e-02
1.327602626183745915e+00
2.991023530264816932e-01
3.608745807035736441e-01
7.730752742956432666e-01
2.087473307720105198e-01
1.082103573144962638e+00
1.236529085507620529e+00
1.473744566226970587e+00
7.255482238400763340e-01
5.102840426506163318e-01
9.381253424037556687e-01
8.119203855440506601e-01
2.799819633898831817e-01
3.349683395781385409e-01
5.341387480274379929e-01
1.915822458167861231e-01
6.351973072837147072e-01
9.520966212684387475e-01
5.588937611924411630e-01
1.411739487209372257e+00
1.242470847132470135e+00
1.595913481464143469e-01
1.557191061999529946e-02
7.483443684638158011e-03
3.893599467213936238e-01
1.915076012435744657e-01
6.610314249482964755e-01
9.366378456698853938e-04
7.001813975645404531e-02
1.183296458914751437e+00
3.678639477210835507e-01
1.199712141669842191e+00
3.811187224638292737e-01
7.588546002941023438e-01
7.631611833620450813e-01
8.393063471182460322e-01
1.054823969207545398e+00
5.916823955115275702e-01
1.205152657183833576e+00
5.419144023441166969e-01
1.136942437290048069e+00
1.408661584808312384e+00
3.663433413131220728e-01
9.151152357006964166e-01
4.647108927631669051e-01
7.325274496530631563e-01
8.271181393110274005e-01
1.177798065286350671e+00
1.122076593730882088e+00
1.028861556676262223e+00
4.092446339030739177e-01
3.001635425263987078e-01
7.125647309079279346e-01
1.246862301463313116e+00
1.321927900035359205e+00
1.263626846135712523e-02
1.361899251229121921e+00
7.020664645789325142e-01
1.261957223542629070e+00
2.876349182668627713e-01
1.223315351196720968e-01
2.247239087788582834e-02
3.246228077528049427e-01
1.135009924187532881e+00
1.442504667165011911e+00
3.534035034057585456e-01
6.326784184468488004e-01
1.289535125019757533e+00
4.263763812625819827e-01
1.152025822855173631e+00
8.430778709208399668e-01
6.224392219122756309e-01
1.066548222847595095e+00
1.049210184890186470e+00
1.995086082170951514e-01
7.066088888008231761e-01
5.818059495384209079e-01
1.221207141504582205e+00
4.062371267466282632e-01
1.299563887910840210e+00
1.238035509184364780e-01
1.427800012094968096e+00
1.138671628257245771e+00
1.072399491035374908e+00
9.943188946559806674e-01
4.104670878890903096e-01
8.694432408122180211e-01
1.238206706516725708e+00
4.027134682055712456e-01
2.455027895757035394e-01
1.113320970658270515e+00
1.503111667836253829e-01
1.091289253447359497e+00
1.431045856695096985e+00
8.847240899029136241e-01
2.171090670907722675e-01
2.104268490236863021e-01
6.485982580823560495e-01
1.100256737070806956e+00
1.014777190721946276e+00
1.236927113800396993e+00
1.040969864641612119e+00
6.807414429324323280e-01
4.823099139075472386e-01
1.466260939089517823e+00
1.377857206364580867e+00
1.470787452578094623e+00
1.199105354947455959e+00
1.069095597439472467e+00
3.016778370679428223e-01
1.158782238377369933e-01
3.344514702907304682e-01
1.229773510840669992e+00
6.322056272808556088e-01
9.785297460195166996e-01
8.921906472650814601e-02
7.667278176567267067e-01
5.013648344673765633e-01
1.159463778168336345e+00
9.114551934903774022e-01
9.627994170874010216e-02
3.838097606221135827e-01
7.444364453198530907e-01
1.123686541286625706e+00
2.652327542403427607e-01
1.015393844607973328e+00
1.350887739507063312e+00
1.459210720492048807e+00
5.947716803598138702e-01
1.424947995090488417e+00
1.066671809146308991e+00
4.095865201117650511e-01
4.875405729204247973e-01
1.178910724203335647e+00
1.057557677148622810e+00
1.088482120110104701e+00
6.073676023854779338e-02
8.218709319935992852e-01
6.288115759236738711e-01
2.430941445119587652e-01
6.193845617791178260e-01
8.989743945374808476e-01
4.772915430236953083e-01
9.187601054683254276e-01
1.135237573272076306e+00
9.359686963056750297e-01
4.515176895304823246e-02
1.241953354927964437e+00
5.082839092567548178e-02
6.064445202347761299e-01
1.438263642440622991e+00
1.424344814318725172e+00
1.140429232312414776e+00
3.654545603380489061e-01
9.724783895922651800e-01
8.952006307677855546e-01
1.430352164992706898e+00
1.379838962601537045e+00
6.853800748330680648e-01
7.352539776163524721e-01
7.141677243602104763e-01
9.586135871661041197e-01
1.424435793926911442e+00
8.580750508409730193e-01
1.415385508821445981e+00
3.868302354102376994e-01
9.864183117488908303e-01
2.841978963638720490e-01
6.190082759941062385e-01
1.209784950987791818e+00
8.644200056258506404e-01
8.783491359102514329e-01
3.498483695651384839e-01
3.994233681533196911e-01
1.034311861571916236e+00
6.963667125414785275e-01
1.332949099757295919e+00
3.911294356806456762e-01
8.466629836667103337e-01
4.027656669183745652e-01
1.240687066944387018e+00
8.686317167190962252e-01
1.254848686546193193e+00
1.174595798791746581e-01
1.246134966752886042e+00
8.804006871838219173e-01
3.865081353711706247e-01
1.269644145020199177e+00
1.786290066931578990e-01
1.055897973345042651e+00
3.979650528043622848e-01
2.470174438599745947e-01
1.442259165755389039e-01
1.468587599656164144e+00
5.471767394882554036e-01
1.257609682126730632e+00
6.404173721694617072e-02
4.369934190663932738e-01
6.614894879792132532e-02
5.463061476129864591e-01
1.123316015575354321e+00
4.688388073151412150e-01
1.450528192452823495e+00
5.716889284689192774e-01
1.163442045967572502e+00
1.325816686710731052e+00
1.040414667599035559e+00
1.083484687807890534e+00
1.217403262593813817e+00
1.690102472458175908e-01
1.250271892748957558e-01
3.735882518012506592e-02
9.075947115564542145e-01
6.047321480794964899e-02
5.255745999083534237e-01
6.536595925510753080e-01
1.329662307315369274e+00
2.504695258614794140e-01
3.774062772007122923e-01
1.318529783378732945e-01
1.186399549802621189e+00
1.030259708181784917e-01
1.466061654669432723e+00
1.220273314716275870e+00
2.979464656211618934e-01
4.428403828553280630e-01
1.385195744003676177e+00
5.227081543056373292e-01
1.715305733222233231e-02
8.143064094010317167e-01
6.457988604138054090e-01
5.883575914200258605e-01
1.032877388893810755e+00
3.668782169498165935e-01
1.145460947836985266e+00
1.154358861901749078e+00
7.647740106652124448e-01
8.694246864580299494e-01
1.114237659476261078e+00
5.385934406176129396e-01
1.136554262900746348e+00
1.247446264670873717e+00
3.043191293024588573e-01
1.997644268771960330e-01
1.166242249884766657e+00
7.297011001994775370e-01
1.488622401154818142e+00
4.246301788691492218e-02
9.274131952896862430e-01
2.959654753498904278e-01
3.948103159294220066e-01
1.229494119857238221e+00
2.215619978018144587e-01
6.780403098616178958e-01
1.186742854028035143e+00
6.205046875809413498e-01
1.079153778801858810e+00
7.771159538842302705e-01
7.935095071931865807e-01
1.152416395737795973e+00
1.235267069255351569e+00
5.424147212630764381e-01
6.428749971803324748e-01
4.615254671718788115e-02
7.702327221742446550e-01
4.934392547030024279e-01
7.129148999414969268e-01
1.260150426761626585e+00
1.328684450530825512e+00
1.043111145827067876e+00
1.350976862243599141e+00
1.184437737001710289e+00
4.534942135617929249e-01
9.101554374576364959e-02
9.797201893996159150e-01
4.597087596735408566e-01
4.736366612270574428e-01
9.879571176679846634e-01
1.113418714608978899e+00
2.934286418608950120e-01
7.241011186658548038e-01
9.115319091344624702e-01
4.303039138656997720e-01
5.634575982057197230e-01
5.457893937178091015e-01
7.470362833530241886e-01
1.074466483399658001e+00
7.878013955165499294e-01
4.544321622676072425e-01
1.909489872336371796e-01
7.801176542413212900e-01
3.171999602167052124e-01
6.509720204796842769e-03
1.934506366239873709e-01
8.731653476513534518e-01
1.301126213468751125e+00
7.591546747735365974e-01
1.101676897262466870e+00
5.806986483662673892e-02
9.366285503661456735e-01
1.061931663839347006e+00
1.321397023922585401e+00
8.898770199470356079e-01
1.124147584352462426e+00
1.319831370385300851e+00
8.093920771781931700e-02
1.326124930868127771e-01
9.496443126255805778e-01
1.279426248115512976e+00
9.430592892316935760e-01
1.168056438503314975e+00
1.062301755348663113e+00
1.008780457605921610e+00
6.578689126117582830e-01
9.662864846735451652e-01
4.412675388116590325e-01
8.156905098091276063e-01
3.255408357961743215e-01
1.175349092870737744e+00
3.526581296147250355e-01
7.956710410721432591e-01
3.077801422414335741e-01
6.571534564765115771e-01
1.149052418896626238e+00
4.956206870381387186e-01
4.876205008993027556e-01
1.358807463108978597e+00
1.154862285715964942e+00
1.902069808211178659e-01
1.484935872046480920e+00
2.042446397169965233e-01
8.274425574307828768e-01
1.296133514600779524e+00
7.958089829596164400e-01
1.103444977019012452e+00
1.290343557573953470e+00
1.005336003049726701e+00
1.493488838048787848e+00
1.175576872269536111e+00
8.655234809718285183e-01
1.227984476375625800e+00
1.224629266984746057e+00
7.361605222665725812e-01
2.784112835995098956e-01
1.182781343126859896e+00
1.035714031271781188e+00
1.407136723923853694e+00
9.252914604765538620e-01
1.155588434959290645e+00
1.018695150702480512e-01
2.361152027630605832e-01
1.001695508191606132e+00
1.121310795276894146e+00
1.205739371222732670e+00
1.101693964256438729e+00
4.982942661013110563e-01
9.470580414923426282e-01
1.014516851218030702e+00
1.083968918602180809e+00
3.701207231273458409e-01
7.480951861268551051e-01
1.204787504148030042e+00
1.446106838812242446e+00
5.691768801929799615e-01
1.123320600126341828e+00
4.537490770456823475e-01
1.078222611030295042e+00
4.727132923603676318e-01
1.016697987473310638e-01
7.224643747781127612e-01
2.769330958823396638e-01
7.353609353763840284e-01
8.238739365323193287e-01
1.501643078386787900e-01
8.406481588544246764e-01
2.799186074274235270e-01
8.193410250793790039e-01
5.870047399511495456e-01
3.082111130414127986e-02
9.543979933735815546e-01
1.280403557491542887e-01
7.093255017781799898e-01
5.171919536294995456e-01
1.200851008763642591e-01
1.488203679654110489e+00
1.348599680847260673e+00
3.636188981252619357e-03
7.286818009049357281e-01
6.091791095746489360e-01
1.366877249897224145e+00
1.370720645289678297e+00
9.494555438192320285e-01
5.901482522769625483e-01
9.455660813409799692e-02
1.022180704785621508e+00
1.251329421809826314e+00
3.960235217095612881e-01
1.102098395962215704e+00
3.871185598077688250e-01
7.843326708434033012e-01
6.629349842267255877e-01
6.016493114017940069e-01
1.297586981141660267e+00
4.690718393876769365e-02
2.588618705022579514e-01
1.369893847143262455e+00
1.223712981766642560e+00
2.801570133244403182e-01
5.067961678536492265e-01
4.442658536711087680e-01
4.956719144330179461e-02
1.428724878103717399e+00
1.427770820582866751e+00
5.959080689647122675e-01
5.146779758448966069e-01
8.610626314568505801e-01
1.497955011340107889e+00
1.471839036317170279e+00
3.402029422784557111e-01
4.770978555910579955e-01
1.114135717089805300e-01
9.767928145927662342e-01
3.034617433212859483e-01
1.200090578687724951e+00
9.277207840570129704e-01
1.221543422455266370e+00
8.902788702184161185e-02
3.840660750834798409e-01
4.182254966616582026e-01
1.147892921695657265e+00
6.650137428248404925e-01
5.311185034192984489e-01
1.078414626406093424e-01
8.807363355397426208e-01
6.917824893257494834e-01
1.130696656296869218e+00
9.549639430386545058e-01
1.131079772662476834e+00
1.194784249989691904e+00
3.132253058924281963e-01
1.352753156510688060e+00
7.854249713163744540e-01
1.412686791134389219e+00
2.694781236009721748e-01
6.320383467219599094e-01
1.330212843807415890e+00
1.473314389580110628e+00
6.409427943239525138e-01
1.362019582396729378e+00
1.173436206903415213e+00
6.305421563160782394e-01
5.436823981870109179e-01
1.437387108851512441e+00
1.270938223056950811e+00
1.051014965492331532e+00
1.347077643382295964e+00
1.127451340397423118e+00
7.171654411676148255e-02
8.393717779143747837e-01
1.463300633437211395e+00
1.255088184689125086e+00
8.652942190674897116e-01
8.159261365542069822e-03
8.332097403529663548e-01
1.484480933541294512e+00
1.074786155149264566e+00
1.028774773241430296e+00
9.110103706962663361e-01
1.062846730468391065e+00
9.218205193992856650e-01
7.933806550178440498e-01
7.910928709582289997e-01
5.525225536936939630e-01
8.138875558772037389e-01
1.273620933581327774e+00
1.282924444505374462e-01
1.372839894351483014e+00
7.527411574235316483e-01
6.090324014803196739e-01
6.227209753326784503e-01
1.365678297531219165e+00
2.816856638340802244e-01
8.994003980424395417e-01
7.387643165785127142e-01
1.874208588007086895e-01
1.060366082641463592e+00
3.732394919155163082e-02
6.313746855266861857e-01
5.226753773727622621e-01
1.490016372993718807e+00
7.020308644497899042e-01
