2.142532622776880391e-01
2.334746582915072644e-01
8.112562085215286878e-01
9.748080021744532919e-01
1.103955226202256057e+00
1.437130421156932902e+00
2.175866072577553045e-01
2.613694747293460185e-01
8.669329491536086341e-01
4.082675342007873187e-01
8.587334824956770474e-01
5.528147793963569256e-01
5.344725057697021775e-01
2.945358462347966721e-01
1.191826874643669543e+00
1.319643487411020777e+00
1.337612333213627158e+00
1.139642586745175157e+00
1.205090073210612456e+00
5.708716861545473087e-01
8.566891006816659271e-01
4.964397349171127405e-01
9.277694036044523695e-01
1.175487717521352282e+00
1.343872816710587337e+00
1.055237984577721111e+00
1.134554600341906472e+00
9.662757247305933106e-01
9.454545924400155066e-01
1.333992614898491968e+00
6.639959247139757270e-01
8.483766377701764672e-01
2.249395638225623051e-01
9.986196080295963728e-01
2.904782687086094328e-01
4.393889618518332374e-01
2.690524496468372218e-01
7.278967043807447190e-01
1.761564755405285454e-01
2.798718922519244368e-01
6.016202373836276873e-01
6.791166264165009459e-01
2.744841304073982191e-01
3.912198887159107352e-02
7.787159593869651397e-01
1.049650887513708941e+00
1.283843509685119733e+00
8.793450731579421920e-01
9.026340800038858969e-01
7.088834874484917226e-01
8.120369149889987703e-01
4.707346681121949428e-01
5.479131567133190828e-01
1.232364910803078306e+00
8.061290077862270920e-01
1.092111629302926046e+00
4.956684193553786422e-01
6.069986808988331317e-01
7.922107312530650702e-01
4.072882661462909337e-01
5.759449049666345299e-01
1.308792864690718094e+00
1.228930947077985891e+00
1.247498106290021447e+00
1.386517710973512729e+00
1.229549072514973362e+00
7.130751836556808998e-02
5.973186782504458225e-02
1.260674711743228205e+00
1.425909411438535113e+00
2.088824638785805043e-01
7.084705724959046158e-01
1.454138203526024631e+00
1.011373291012508169e+00
1.002817689380018917e+00
1.128062035007631358e+00
6.958211765750584865e-01
6.906933535212791408e-01
3.481480764296912556e-01
9.390345640792575610e-01
1.305652676777729893e-02
1.274823096660270050e+00
5.989902464440993723e-02
3.474225912316714071e-01
1.273268441373209825e-03
9.656105183335441655e-01
8.420733402019784375e-01
3.399948728248547436e-02
9.817329652497817083e-01
3.392303007344413257e-01
9.592386921234237196e-01
9.135041411257420751e-01
9.313047755019603358e-01
3.269835366630339246e-01
1.147249676557361431e+00
1.397019917783195897e+00
3.836577319819447496e-01
2.069275736842099422e-01
5.388597288660257334e-02
1.451597401581285141e+00
1.449666779246749915e-02
1.446449224628558294e+00
3.383752342825297466e-01
7.875098640469184730e-01
1.499329566815917225e+00
8.395441194882191649e-01
1.171688886731936385e+00
3.899109182294540621e-01
5.151505216309901769e-01
1.451807372111743266e+00
9.512763330922122673e-01
4.445104966299993632e-01
1.283924227342964519e+00
1.103313741556821714e+00
1.455162096054835263e+00
5.563305594102646578e-02
9.784132494317915318e-02
6.760886301325702563e-02
8.604275972354478164e-01
8.489824042954929872e-01
1.098893901606523116e+00
1.046755262856316815e+00
2.295018796677821271e-01
6.291565711854131271e-01
1.172078918428382188e+00
1.288735846476706026e+00
1.007678710874400752e+00
1.049299734466745182e+00
2.741387038704425350e-01
5.398910455982387502e-01
4.082673676303630317e-01
3.531668006830843143e-01
1.359741200854534871e+00
3.633965256254130805e-01
7.463720274953837830e-01
4.070756875631490468e-01
1.099138956839875281e+00
8.782666959599244594e-01
9.013561938514997873e-01
1.436295863163960407e+00
6.036305458898134635e-01
1.276680274884939514e+00
1.451057235654413802e+00
5.753708251386394634e-01
1.494607492118573022e+00
7.784412412750341126e-01
1.483653675797388605e+00
1.211833968610149803e+00
7.908725778553208352e-01
1.471735482953884677e+00
2.573031445880675783e-01
1.456481745963912333e+00
8.242763685654848071e-01
3.821416700894124108e-01
3.260751342922162399e-01
6.606047639540967298e-01
1.362028568118684113e+00
2.886820126414235688e-02
8.067550415208573078e-01
4.059458646861402453e-01
5.743640355694906718e-02
8.888169100504814679e-01
3.704066797326343585e-01
1.326172523296825334e+00
1.397863847090634049e-01
8.790172377530757197e-01
1.494630200795285635e+00
3.875024167825766863e-01
1.152544957837732253e+00
5.591878775249656819e-01
7.438508669163697018e-01
6.363715469306312489e-01
5.391847223475163542e-01
2.019981542391097729e-01
1.265005686971384158e+00
3.976897535603052813e-01
9.941567808378337645e-01
1.965459963757970052e-01
9.025443132854812367e-01
1.024919356044986074e+00
2.016353588561391463e-01
7.479337349114985045e-01
9.579211762483016424e-01
3.066683825960199172e-01
6.169177663814806589e-01
6.128264586986814644e-01
6.660364694279752307e-01
4.404230927048632949e-01
9.519151261958171961e-01
1.519073814026133951e-02
7.958763111701862014e-01
9.055651616705179263e-01
1.286661105524423254e+00
7.967754039323946547e-01
8.609726433484197194e-01
1.328614425344500471e+00
9.767948947017250916e-01
1.221956982764577759e+00
1.417819011382558836e+00
2.218139610821182606e-01
4.953201480845818017e-01
1.003603916091857950e+00
8.472929542463545349e-01
6.585801806045763485e-01
6.769401252817748293e-01
1.408701706454066560e+00
5.128196819909874860e-02
6.587798873181280879e-01
1.382298160206450577e+00
9.889411273202634023e-01
1.158620581137630667e+00
3.387903836672262470e-02
6.624188747490622475e-01
8.699881923290981867e-01
1.362508293007902438e+00
7.915897319930058629e-01
1.472252682586394634e+00
3.525554706760924417e-01
2.141539707009612603e-01
6.141378628556853903e-02
4.344423173652172676e-01
1.266006281877501749e+00
1.273167619087031133e+00
3.302858143830010307e-01
9.678718579085285878e-01
6.013370307388626879e-01
6.997521524076728561e-01
4.109062533166410458e-01
3.925268809642958878e-01
8.886314529980110510e-01
3.527903338954839763e-01
1.075137938237116675e+00
3.084854770126957413e-01
5.103429184614831637e-01
3.725034962484558565e-01
6.033333115459273976e-01
1.264826801702223280e+00
6.841746392805199140e-01
1.089420459327670843e+00
4.201929308298219534e-01
1.294661216914249069e+00
2.857312247216056700e-01
6.443217740460055465e-02
5.493273301196690550e-01
1.387120043943081305e+00
2.707754361715673519e-01
3.429114818878556958e-01
1.238165610605215239e+00
1.220355836934235327e+00
6.746048993076392275e-02
3.364301042743590986e-01
1.424844215917025814e+00
1.967161842547713313e-01
9.989630628428518566e-01
1.905778935200717061e-01
3.710180448355615557e-01
1.486060005328822431e+00
3.518629660456588648e-01
8.468290503547204473e-02
6.737962115415144781e-01
6.689625401644974101e-01
1.449563154411719346e+00
4.007409310056368468e-01
7.541060194223151436e-01
4.712546659829633944e-01
3.584664364939375569e-01
8.302454716865863560e-01
1.183937844885050161e+00
1.151779924632278407e+00
8.986032676702346844e-01
1.476963543329797623e+00
1.006358246456710681e+00
6.954007825606114412e-01
8.522938356108531455e-01
5.471844775151863960e-01
5.236891017412648175e-02
1.085586963509799663e+00
7.519863068378347393e-01
1.014487045264441001e+00
6.431038515213512996e-01
1.034379578150917744e+00
2.953131201724794042e-01
1.367159876841608224e-01
1.396365658686010480e+00
1.321592287010014743e+00
1.989699354482798999e-01
7.257977484368209886e-01
7.425739345114343859e-01
1.521074956764642550e-01
1.428404909667862377e+00
6.530998297253972629e-01
5.931491797799354204e-01
7.869784143025608802e-01
1.242321861595871546e+00
6.724045164344061298e-01
2.758438927826494247e-01
2.303128859231627912e-01
3.593925734650164072e-01
3.347567056128605834e-01
1.437660952175893181e+00
3.479063041413257840e-01
4.912715012024361783e-01
9.896903968097985338e-01
6.664491905415392825e-02
8.479589132046672084e-01
3.946835698174007145e-01
5.589316041412184521e-01
7.249335826404339489e-01
2.611485537756267905e-01
6.218426766740581257e-02
1.249344729791269870e+00
1.099161323256814038e+00
3.558328570885628817e-01
1.090173374808293572e+00
1.099572594665759073e+00
1.238961777196015301e+00
1.126632875553744029e+00
1.048485985060727987e+00
9.070720526067599376e-01
6.019470019752513057e-01
1.303884974052929691e+00
6.594963293739712906e-01
1.208354303909753291e+00
6.610374266409686506e-01
5.452200828524988996e-02
4.001572133932684294e-01
9.510723915280248075e-01
3.196558804238722740e-01
2.579884970380915687e-01
1.425521973688436805e+00
8.150312895713617278e-01
1.026905455240757714e+00
6.154435428860766111e-02
9.358296615438850274e-01
1.342608914533365061e+00
8.671094007347359689e-01
1.176720728054492238e+00
7.019236309819374409e-01
1.075614132333136741e+00
1.007835029381351166e+00
1.018837222758941952e+00
8.317671186365929170e-01
1.363648820181788901e+00
3.674320401484535425e-01
1.262814317413685217e+00
1.202703235850371311e+00
9.081298386192762084e-01
6.080664533494279933e-01
5.376328579989140266e-01
1.753505785507308290e-01
4.578158447975905210e-01
1.334646810032335651e+00
1.235058907507866843e+00
4.832476841663677081e-01
1.368350910854623681e+00
1.146966184080933537e+00
1.326218266769064957e+00
2.050541622989350832e-01
2.381783202038734171e-01
9.223308317699554504e-01
1.488336436076031388e+00
5.218522085627914642e-01
1.039754798671790104e+00
8.401359070291843922e-01
1.175015397536833595e+00
1.086202290907860801e+00
6.709835197331839307e-01
5.023169879110501723e-01
1.428475847503627660e+00
7.530340884867983142e-01
1.338587276753492761e+00
7.451947436583382656e-01
1.115682432790924494e+00
1.279028291290058128e+00
6.521069552363859545e-01
5.742279787078261588e-01
1.432369089169616139e-01
4.282073969661617241e-01
8.803807952814591831e-01
3.999710513137177958e-02
2.940835510689288612e-01
3.385137164945303812e-01
7.963527814495328094e-01
4.346277853536764657e-01
2.672484364168104531e-01
1.072316024242899513e+00
1.174416374884348357e+00
3.093165692706622560e-01
2.068961338184469589e-01
2.005660575475268770e-01
1.347469009939572748e+00
8.444792562609175768e-01
7.447780683660623069e-01
1.262031258947623913e+00
1.337559933507740162e+00
1.390992552446497887e+00
1.444821245078789396e+00
1.151984735103981361e+00
1.495843269245180629e-01
1.031803429509587477e+00
4.892001045874396215e-01
5.047745323923298333e-01
1.408896089958418418e+00
1.311019818264355985e+00
1.129039121774273458e+00
9.698712265971978219e-01
5.521241839920304484e-02
1.100028924740764857e+00
7.762792910354758824e-01
7.535675256115282883e-01
2.061562602147988255e-01
9.732438621946674084e-01
8.972311537718085095e-01
5.716733573919663414e-01
1.287789769549656294e+00
8.793065549005285586e-01
1.012940868305244546e+00
3.953900505230484308e-02
5.777755285929472295e-01
8.652443802258704686e-01
1.731942268416020725e-01
9.939863146727268006e-01
1.248774500303609702e+00
1.447009065933909655e+00
4.989746347322339681e-01
1.444928611089630444e+00
1.136481497788121242e+00
1.127229234582713735e+00
1.497102575858673124e+00
4.431052997061319387e-01
6.345472892125869624e-01
3.076534928278795156e-01
1.478801259837212001e+00
1.342845874008128604e+00
5.107065631880065570e-01
1.367868635117724274e+00
2.774232184751404540e-01
4.308710940109972687e-01
1.476422914318859192e+00
8.660856157873205730e-01
3.891276122233717216e-01
1.131545379198445112e+00
4.822070205896827888e-02
4.753139251922425812e-01
1.287009631447779689e+00
2.682518418655563397e-01
1.465646787634673931e+00
5.873836626187576293e-01
8.266018072764946822e-03
9.100929334585500241e-01
2.034780145536357887e-01
7.987735744289241602e-01
1.302511124415771437e+00
1.140973380169121976e+00
1.328623674182521031e+00
7.702243531662780196e-01
9.813289577935815355e-01
4.316913199680397217e-01
2.096354324668559532e-01
4.455415619715672459e-01
1.060468645511956964e+00
1.179094041703822260e+00
7.247116937840791806e-02
1.406852859563778368e+00
1.205150002337035398e-02
7.901120558870515787e-01
1.442282090283413698e+00
7.489520935578785066e-01
1.236473567403010287e+00
1.114999921710001063e+00
5.315013326934496796e-01
4.345877328488678693e-03
4.994840106545421210e-01
1.096717076552305770e+00
1.279260841059774112e+00
2.963638623262557226e-01
4.182273021789938428e-01
1.295799928514561605e+00
2.711235171682262468e-01
5.706266102764472326e-01
1.475467047752664795e+00
1.186543477257950396e+00
4.430347390339389735e-01
1.020541555601567341e+00
6.628840518148387817e-02
2.174046443814527940e-01
9.602382475175715859e-01
9.187855908651973991e-01
4.452795475466949648e-01
7.374794573064487047e-01
4.218538435798678821e-01
2.962080994791142508e-01
2.873753812698125465e-01
1.215929162330028790e+00
9.370980169105503910e-01
1.282331631722475107e+00
1.322231425084849477e+00
3.081972557820573111e-01
2.776028908498640591e-01
1.067390930471761035e+00
1.283401330637736315e+00
1.799985746425649125e-01
3.274320972072990998e-01
6.980424680468786391e-01
1.688124851597815890e-01
9.524061575510771593e-01
4.430322037926943679e-01
2.437438288757085569e-01
6.996894241510225321e-01
8.200489686725802585e-01
9.160604325070178522e-01
2.907176555049036937e-01
5.578183269972919467e-02
1.343926130826112120e+00
1.093827157023362640e+00
1.150867815196213506e+00
5.349523275096943475e-01
1.498546578566736898e+00
9.049150217776622540e-01
6.111869360305327570e-02
1.248404338116996248e+00
9.179314087910958042e-01
7.056184330906377644e-01
1.178120620362010373e-01
1.115761514976669977e+00
1.190951488910258371e+00
9.307116615083633748e-01
1.086583185748186686e+00
1.136528366694207648e+00
6.720829383038989802e-02
1.142055281593504112e+00
8.638818847599789574e-01
8.273456255114214342e-02
8.197994210661208037e-01
4.696849365138161536e-01
1.393245615907515944e+00
8.855490749394095973e-02
7.934176229149652038e-01
1.468674912242564412e+00
1.367141792412074786e+00
1.246579623386434577e+00
2.707779623122404944e-01
1.343934088567960483e+00
1.143999279173165018e+00
5.245406519759812092e-01
2.320120453860456955e-01
2.603331803992482985e-01
6.924498067878885887e-01
6.675506009451241951e-01
7.925610850726867440e-01
5.833681271686291803e-02
3.791901211917597658e-02
1.220177706076969182e+00
1.297196437949397430e+00
5.165331825542004429e-01
3.479817209377927822e-02
4.562308330497685804e-01
3.341508431340227681e-01
1.177870179375971826e+00
1.259636858073534871e+00
8.599671751099022821e-01
1.011339199170109726e+00
1.137235689275856165e+00
7.765189070683828909e-01
2.554189740191983304e-01
6.401885424076276809e-01
5.011345555029578236e-03
1.168104002609631209e+00
1.049206222809158096e+00
1.131962990054783402e-01
2.578183945536600130e-01
1.256490692328287695e+00
1.318563581659092376e+00
7.930620914762607221e-01
6.330067894048030386e-01
1.475218107820831959e+00
1.156334712045915758e+00
6.606923104861892604e-01
9.968969644810482533e-01
1.144323848757077711e+00
1.064117342328066984e-01
3.878592369659445427e-01
5.641973354834510790e-01
4.676102362587873928e-01
1.014711900588687099e+00
1.603112709934968461e-01
1.232287652645878140e+00
1.462680738640807832e+00
1.001251138231311399e+00
1.093715066111434986e+00
1.271799729888539066e+00
1.467628377795422212e+00
1.198854251431178408e+00
8.820098770104076724e-01
1.104340021454349952e+00
9.456905417136425296e-01
5.748066431382785613e-01
6.670446893306423153e-01
1.356729293819247228e+00
1.299917769303104320e+00
5.346057242893239581e-01
1.340284528429594113e+00
1.698940242537026468e-01
6.270004100317667639e-01
1.066324048611501540e+00
8.637363994776940945e-01
1.055765192065526881e+00
3.245496668547276919e-01
1.207304424258556885e+00
3.430461478850270196e-01
1.409277983675627954e+00
1.765640714681444012e-01
5.685718182735606252e-01
7.191401076658169300e-01
9.716752707575421200e-02
1.390861290500505554e+00
1.266089398083705131e+00
8.535376538180128314e-02
4.981863606501953368e-01
2.911937759058608188e-02
1.346065141089157535e+00
1.984497497333653770e-01
4.672102358893609475e-02
2.930295190469933142e-01
8.940019508007670535e-01
1.074858978125984854e-01
1.146245261519259095e+00
1.276761249809000298e-01
1.194616254001603206e+00
5.057051320167063047e-01
6.962563069746838806e-01
6.576040084257065432e-01
3.638644526145392022e-01
8.336515709845015998e-01
9.825168805126716087e-01
1.156287675568901996e+00
4.642500959273520578e-01
4.145720276132638937e-01
1.193817719626637075e+00
6.887859198138526207e-01
1.410446657685921146e+00
7.021236884900980968e-01
1.057017670005335974e+00
5.104973004393537073e-01
3.899581106538985154e-04
4.848187276687616620e-01
7.793357861758190008e-01
9.690050979479416515e-01
3.295459967391628497e-01
4.424951214187703985e-01
7.661254418733820515e-01
1.030401072821257591e-01
1.135515855187581247e+00
1.306531513406979927e+00
2.102182943343252619e-01
6.789926103547532232e-01
6.506259631433924939e-01
1.202370975843987999e+00
1.373084821696813229e+00
8.843786466933538648e-01
1.129046935629303361e+00
1.485848676397314438e+00
1.044867039090559668e+00
7.401073696161479809e-01
4.812475102809718464e-01
3.357320698956529070e-01
9.669521618198992918e-01
4.540049111733830967e-01
1.374407714886721976e+00
1.012889513397901897e+00
8.749906246413454713e-01
4.660861411515113129e-01
1.097867614216933241e+00
1.256711190191420968e+00
3.066643000081673009e-01
3.100451395786434361e-01
7.064910683649590073e-01
2.353825831959538983e-01
1.981488937539788719e-01
1.744305231398545764e-01
7.497323046935300273e-01
1.017108270868560149e+00
1.140357782975836232e+00
8.630156043362330331e-01
1.232393928925269000e+00
1.262913753442605369e+00
8.502153435091863720e-01
9.376131080251729477e-01
4.669625344975043002e-01
2.866250232072625193e-01
8.366421285147598308e-01
1.271233481807706456e+00
1.115448037789399383e+00
1.056828837244874641e+00
1.331948522434665882e+00
2.674573204906983137e-01
6.600291973524827771e-01
1.058217773736136458e+00
1.399831129304191180e+00
5.766202928115512494e-01
1.288318614579859966e+00
2.625508217794542132e-02
1.039339824369029719e+00
5.896560504907450984e-01
7.521381200449214210e-01
7.016456532068746643e-01
5.279413795422038813e-02
3.957640188724516062e-01
3.539809395866200248e-02
1.489623827398724121e+00
1.286475831500036637e+00
1.440638179232401450e+00
9.404744796442353616e-01
6.825234163747710969e-01
6.941262433516772745e-01
5.071862120074933644e-01
1.295946180381351454e+00
1.140979016608911545e+00
1.109850660856941618e+00
9.130319634149248742e-01
1.206016333554515541e+00
1.340930891298961702e+00
1.083947782655613756e-01
1.358184382887467345e+00
9.508132393349866263e-01
6.797218391039766550e-02
7.454926876821250659e-01
1.763527089415931060e-01
6.422563281868278739e-01
6.608749400923730200e-01
1.102754594027158586e+00
1.351779299528126810e+00
1.044085399483800192e+00
1.453086333837774413e+00
1.151592237842425259e+00
8.400691778166361479e-01
3.961982973947124065e-01
5.683475585276651643e-01
7.055881087199622481e-01
1.478030903622445935e+00
6.467864397233269447e-01
2.203005780561170246e-01
9.573797163533999122e-01
2.933336099276959708e-01
5.359788725583405355e-01
5.895532455628974544e-01
1.314033266824278012e+00
5.955798769157256700e-01
4.559101355439149073e-01
1.291168394049114765e+00
1.191354348323928170e+00
1.304125370063762279e+00
5.391220570143129276e-01
3.403482332258578325e-02
1.205080685493155057e+00
1.420293350872223082e+00
1.389006167744591735e+00
8.131762077687229029e-01
5.199736608780635150e-01
9.329054247657780907e-02
1.216176985273081046e+00
7.934958008593017142e-01
1.131065130423931864e+00
9.369825855628453048e-01
1.300493980594880972e+00
1.347096636343798615e+00
9.746543525219326654e-01
8.893933255368993152e-01
1.260535683996533152e+00
1.052549699895140689e+00
8.037395949927872429e-01
2.905979464355946118e-01
9.160765606443066478e-01
1.185514680040317792e+00
6.055172796818362180e-01
9.159464631436622373e-01
2.488779647603707734e-01
2.216728183954009279e-01
6.087666894903840387e-01
3.042177792069519771e-01
1.847376390460409024e-01
1.152711651958162165e+00
1.055200411115998271e+00
1.463187698543749526e+00
7.527229501621932606e-01
1.402368293481161210e+00
1.475529215372276326e+00
6.533138231482926717e-01
8.541490918253930031e-02
5.913445755322678243e-01
8.591819379916000310e-01
1.051839129631686465e+00
7.639087065005005783e-01
1.071722377822178940e+00
1.410758947577908540e+00
1.132319427908355491e+00
1.422715984151259327e+00
1.105352539654834487e+00
7.628684405907508737e-01
6.633168197332560689e-01
1.410782349232257427e-01
2.305709422966176203e-01
3.918665147837528395e-01
1.011999442225850032e+00
7.675003181684294518e-01
4.871629492288411800e-01
7.119721335487732006e-01
1.209449905109106327e+00
7.037690405129853888e-01
1.340112777185246351e+00
1.325512963651083176e+00
4.523160413699729987e-01
8.003433052550543714e-01
7.234474433998083764e-02
9.367869205565830804e-01
1.226767801989606665e+00
1.016888273024148859e+00
1.041277732106447695e+00
1.604638827701905801e-01
7.724541020853994411e-01
1.110930881286464222e+00
8.123328507022439249e-01
7.635960019329274262e-02
9.504710119879051788e-01
1.081468207414701732e+00
4.990575097503825441e-01
1.227320257889279898e+00
7.442540961125712062e-01
7.975765922041617717e-01
1.087590424154663893e+00
8.745430311357066389e-01
7.483618497745424536e-01
1.405057583560372247e+00
1.195155813328737882e+00
1.260083702508335790e+00
1.337031669411881118e+00
1.287265534082764895e-01
1.470800168601059665e+00
8.357410227542371173e-01
3.044162485193596113e-01
1.153383749901347066e+00
9.675765261306007448e-02
1.217047770302889464e+00
1.067145218736387458e+00
3.354446974818641181e-01
1.240232678994038551e+00
1.970654997967685174e-01
7.633632543553388050e-01
8.298050661660987259e-01
1.058688985750378730e+00
1.169013111772396751e+00
1.139103526963185065e+00
5.415584410752238842e-01
3.754555479516796801e-01
8.174844903835103427e-01
1.004689251088494717e-01
4.932068354638340923e-01
4.466177174774570990e-01
8.934632670727452597e-01
1.069572314756885634e+00
5.249853949763703120e-01
8.915734065314314671e-01
1.404271516795907004e+00
6.538321913098468219e-01
1.090602178553400581e+00
1.110723146305488296e+00
3.106749231326514371e-01
9.595034544105831564e-01
9.079391111833762240e-01
7.034434112584333487e-01
3.385599677527781903e-01
8.743100261866347811e-01
1.091557820199257067e+00
5.443760877736125714e-01
1.103843629215303546e+00
5.479697719834281111e-01
4.636156646867737874e-01
9.594104127757840939e-01
5.889848282713259220e-01
1.200934521284156564e-01
8.234652712043142309e-01
5.471010530140467676e-01
7.637373596265112363e-01
1.220379122408930872e+00
1.059544356381788344e+00
3.339424677658209828e-01
1.435612412753153766e+00
7.672251220692133389e-01
1.268911591970369734e+00
2.093956780189382139e-01
8.284315173387410969e-01
4.050591578461072984e-01
1.439627131380132097e+00
3.442966694653015192e-01
8.254550124482931128e-01
6.533550655606679136e-02
1.233755144417944205e+00
1.086916440347415636e+00
6.926839435357172725e-01
3.153413540340573862e-01
1.173629610638941001e+00
3.293358292432113643e-01
9.725893407666856838e-01
3.214748073980270293e-01
1.432924292915345843e+00
1.422768914654506611e+00
6.975337640285814711e-01
1.024011114241379916e+00
6.686224897264930744e-02
7.249019147893428494e-01
7.448765230091132228e-01
1.484851921255614382e+00
1.229511504263459454e+00
7.250315956819204377e-01
1.308281798052560951e+00
1.089680859978510163e+00
1.231378869135542953e+00
5.470215860916934902e-01
1.337990771522613143e+00
1.177988433978519822e+00
8.977855381536588020e-01
1.275852771052875090e+00
6.113411222206217577e-01
5.668287141841450438e-01
8.116958495096513460e-01
1.094812166423023259e+00
7.439405379822147113e-01
7.524057532831827100e-01
4.299578658650375917e-01
7.997233446377058907e-01
5.990589350155748338e-01
1.426925306991786435e+00
1.375644847366581436e+00
1.123805100729591722e+00
1.139490865986390489e+00
1.185814511270764982e+00
1.405721462992670645e+00
1.353537652649728029e+00
6.537507394229608026e-02
1.182058507744914388e+00
5.714661221899335342e-01
5.696465353696837930e-01
8.707385548020445398e-01
7.506674903483070427e-01
1.476964011197961835e+00
9.402098056598474640e-01
6.032471201071499811e-01
3.979643693387541759e-01
1.118705732311081391e+00
1.312826734364012093e+00
3.693790797637554468e-01
7.559301559569625573e-02
5.496159487430916091e-01
9.692903081082293593e-01
1.194175926982420366e+00
3.751198642386113224e-01
9.044828536609310632e-01
5.230440847752322320e-01
1.281235878516820526e+00
9.842189686911548829e-01
8.818860988367289711e-01
7.887810741809659909e-01
7.652904277890624218e-01
1.589135677703160665e-01
1.036800532790965290e+00
3.543931830344175804e-01
1.942890115771357951e-01
9.548828050444864157e-01
7.324304606253886352e-01
1.350030879998017852e+00
5.975900678923233844e-01
1.189408249920091087e+00
3.784257352375353101e-01
4.466355265179310918e-01
1.279011142993321970e+00
5.251907000195603636e-01
1.445831528455515436e+00
4.180157789956923109e-01
8.962649766836967569e-01
4.207561830222361632e-01
9.869294666324353038e-01
5.839151622787318585e-01
1.186491217599101589e+00
3.839367548602986568e-01
3.844943410940253048e-01
3.725680247207702189e-02
8.057463871451671089e-01
1.878816069595532490e-01
1.356925517000278969e+00
9.891148286202142703e-01
3.347210155327627890e-01
1.397117817599134448e-01
4.544039518481846063e-02
5.616704450040965746e-01
8.692920069767011704e-01
3.051206544899194295e-01
3.831780992398650110e-01
2.190048062343000757e-01
2.827991865120408344e-01
1.172480542372854595e+00
