1.045913499843664773e+00
8.665946731321386709e-01
5.731511450283170994e-01
2.809755279408497342e-01
3.372829030279542173e-01
1.087120435167832300e+00
7.037888544293530169e-02
1.106904412274692273e+00
1.185021890366716235e+00
1.425357437058002996e-01
1.295035145938053356e+00
1.246583933461604676e+00
6.216637357289189758e-01
9.488324975860740196e-01
7.108329628838581105e-01
1.398987026084381746e+00
8.184068150057202118e-01
3.807788719616619910e-01
1.941339478768222548e-02
9.682348973908054823e-01
8.271398826212446043e-01
1.007799721203712862e+00
2.075653504484807899e-01
9.104084257247185841e-02
9.557784633878972924e-01
7.294196622092573579e-01
8.429239270892561198e-01
8.973064251652496104e-02
1.000413367049101776e+00
5.010393903745169464e-01
1.078204452332931940e+00
1.602399722214103428e-01
5.585407715494203895e-01
3.144907650409233812e-01
8.725521493938164230e-01
1.418395577685354292e+00
2.652350706833290217e-01
8.030509688827162096e-01
3.149247468042341014e-01
7.776102674748269772e-02
9.913384085586726124e-01
8.728854816538361705e-02
3.196525377227680265e-01
2.910934127307153729e-01
8.467587663267948095e-01
2.809112932701637311e-01
6.083233486688164326e-01
1.250758142874356160e+00
7.722083643620281102e-01
1.449787714717092779e+00
4.378549534010425792e-01
1.013374118422707970e-01
9.239473892261871324e-01
1.062594566698013665e+00
8.301938837942488547e-01
1.114486993830995587e+00
1.091528989131073546e+00
7.841943744602777322e-01
1.484512753733868262e+00
6.814257389125815134e-01
8.502194112543883797e-01
2.992209323610302008e-01
3.331378825176727343e-01
4.083882028385221186e-01
1.430325794890480173e+00
1.406465809412920542e+00
9.621815357244434264e-02
1.161104414510664817e+00
1.117246783539787236e+00
4.827167259539016930e-02
1.769047520075554547e-01
8.267020287722741667e-01
1.064851205298061321e-01
6.943338416581752437e-01
4.062352140819073254e-01
1.174504209640269581e+00
8.672445723177208965e-01
1.406412381786130705e-01
1.041769235531303517e+00
9.390564109540894266e-01
1.973621087499208282e-01
7.435856958970289421e-01
3.105161296044328667e-01
6.083824276239389039e-01
3.014409522049034673e-01
1.270741421659390635e+00
4.398671099915269500e-01
1.202703714934646229e+00
3.714477892134605552e-01
1.496161079304523911e+00
8.254034343309428756e-01
4.540986614105028685e-01
8.026855622867915541e-01
3.396299463349586878e-01
4.078448120687865885e-01
5.895796511125908079e-01
1.461513006302489703e+00
1.160210389257586794e+00
5.173024611256924477e-01
2.571103783833598722e-01
1.323875960841029542e+00
1.338657751544507279e+00
1.004004949833992466e+00
9.609933719406082986e-01
5.253601881721413625e-01
1.376603084662561427e+00
1.010598681434446977e+00
9.574057442778575178e-01
7.469724781624018650e-01
1.935186880498864226e-01
7.331958292444862302e-02
9.580980980159066185e-01
9.821979931950706177e-01
7.950747250629612850e-01
1.060204857637995879e+00
1.290947133147301473e+00
1.087965770434927482e+00
1.249887009957711737e+00
8.494525457388161227e-01
7.429585224758071815e-01
1.247081740574922826e+00
9.793449231825496204e-02
1.121627047895515705e+00
1.214161387571383477e+00
1.102084940036928806e+00
1.428279379279864481e+00
2.198223700643110456e-01
9.614681084535441347e-01
1.014895984333980872e+00
1.348012000472581517e+00
1.391972953016305525e-01
3.368649873701123343e-01
1.346203916545714030e-01
1.165195077658106371e+00
9.541045852598311061e-01
5.146495171147000836e-01
1.049226915835149709e+00
3.050792189691247658e-01
3.373447309629423185e-01
6.774530584298601443e-01
7.687598439014365903e-01
9.551972332923474029e-01
3.443261066300647988e-01
6.357260149182105691e-01
1.743967327595036254e-02
2.524236338974570892e-01
2.869553749119993502e-01
1.354616873218470463e-01
3.189191764031634180e-01
9.663060799075029461e-01
4.560390000893818629e-01
8.161112293512631233e-01
1.259096720279648807e+00
9.079828141170929179e-01
8.987854324276332019e-01
8.668497422033077937e-01
8.657112907323782913e-02
2.850068456415337237e-01
1.344166852822107794e+00
8.777987506695743569e-01
1.309094820585332775e+00
1.138493182075654087e+00
1.487851829185751207e-01
1.309148094242796212e+00
5.426579426362945213e-01
7.588487845499378714e-01
1.015566447053972698e+00
7.019314346552034678e-01
8.978126592683293161e-01
1.082493938708005699e+00
7.349225342719787335e-01
4.052126864267169837e-01
9.607304214325801395e-01
1.133440095391739844e+00
2.522565830263943654e-01
7.697468290736496632e-01
4.108631746591628331e-01
3.712137651988929865e-01
8.524427608153972713e-01
4.293944225031846029e-01
2.049347236478784584e-01
7.902924983033541295e-01
1.176037266703171102e+00
9.009889744772958675e-03
4.130910909059972713e-01
3.158781205489634147e-01
5.895185442629469197e-02
2.112747505723773234e-01
2.738152722756091451e-01
1.157554586779921957e+00
1.254432069237577441e+00
1.281032336262643678e+00
1.200862933583265013e+00
4.717205288750592196e-01
1.001675931882428650e-02
6.525511588145012087e-01
1.106790516229339882e+00
3.838174102001212784e-01
5.231577907648063963e-01
1.340641579913461889e+00
5.952138623386102889e-01
2.311097134950025334e-01
3.110816504749840949e-01
1.418834298278556894e+00
1.460033586160322416e+00
1.114218062444527479e+00
1.300383505390222960e-01
9.919061689635799706e-03
9.385208272155943776e-01
1.026598308662319603e+00
3.909957581965688989e-01
5.103606515890986017e-01
8.325082463067656757e-01
1.386990291589383362e-01
2.104717149760727546e-01
1.202763017100596521e-01
5.349356224056123210e-02
7.728268481793787448e-01
1.694822472430574933e-01
1.203553775570488149e+00
4.729920388237909279e-01
8.184243598486475868e-01
1.163542900766868282e+00
1.150710351067694370e+00
7.363756702102610685e-01
1.257990601147937149e+00
1.285951680060422486e+00
1.200870951625038874e+00
7.937152981058789303e-01
9.141475479532805704e-01
1.360966667446568135e+00
1.047307423989149333e+00
2.166008085288265161e-01
4.442879462563581461e-02
4.069087401446291885e-01
5.410394818272755701e-01
5.846564306085648699e-01
8.261964354015720602e-01
1.342278767315382204e+00
1.430461991192754079e-01
5.221056062538259601e-01
7.466833736420552814e-01
1.749325811804792741e-01
1.316220840753201227e+00
5.558378404729141797e-01
9.502062274246660944e-01
1.429090086684354333e+00
1.307727874669035173e-01
7.998071592229166749e-02
6.573302430457935719e-01
6.333574688001260000e-01
2.276358305516212877e-02
2.822439500291479275e-02
1.116957862123062695e+00
1.450785785341169198e+00
8.625004968755956014e-02
4.185901987133180957e-01
1.056918429906134049e-01
2.817767539734649107e-01
8.590710306240995076e-01
6.345450775472946114e-01
6.103341419128474055e-01
9.162278247900956796e-02
1.062011903615236230e+00
1.437068010967217813e+00
3.095191514947218114e-01
1.142317460819965769e+00
3.597622861362345659e-01
1.155797251993278207e+00
1.209599532123664778e+00
1.393265813378630869e+00
8.824229016948574866e-01
1.024141629650554552e-02
8.490974658843714051e-02
6.090208220080723933e-01
2.310241864691295333e-01
3.512858203207688268e-01
1.126688171538846817e+00
1.470877209898296734e+00
2.564089813212879210e-01
1.248717655321126996e+00
1.548538885252951913e-01
4.871710814243719878e-01
5.609354977924048136e-01
1.326685777145269807e+00
1.105065705833937706e+00
3.445442096926917275e-01
7.970605172854487996e-01
1.619175888833562782e-02
9.652556652380972491e-01
1.416325460726533425e+00
1.335995071494535225e+00
5.977045457569654108e-01
1.462388590533065358e+00
1.322496117371180002e+00
3.948983619178628723e-01
7.392377065014223980e-01
1.388614394188893986e+00
4.096858124098214926e-01
5.828187922636609564e-01
1.005608654027267956e-01
5.129064977113289014e-01
4.292735120938855342e-01
2.062328944767287675e-01
1.297415104412483755e-01
1.420149084733096423e+00
2.393842243654958901e-02
5.669360234548606048e-01
6.228608299818192418e-01
1.025644084676979872e-02
1.487408208076450800e+00
1.477186900219244148e+00
1.080598468808046331e+00
8.719407065606155083e-01
5.692982724717732257e-01
4.021081249235554655e-01
1.271243700718778236e+00
6.872552054732525839e-01
9.046323079325402361e-01
6.648135853894583391e-01
1.381302284104105160e+00
1.052157653556087258e-01
6.031851901014808615e-01
5.189677962765930630e-01
1.008995230459814874e+00
3.210921250070037369e-01
1.462108960143445824e+00
1.398806640089341968e+00
2.574153212826555404e-01
1.114290786778037390e+00
1.355139380022611473e+00
1.197931902916240965e+00
2.108047796540644669e-01
8.834593179024725629e-01
2.182160467541149340e-01
8.987816242691663016e-01
1.585691908814431672e-01
1.024785156421254673e+00
6.025157438612640526e-01
8.782967274922850454e-01
1.072296792710114577e+00
1.046728828544849055e+00
1.243948891361619791e-01
9.108132882606591041e-01
5.657527527373322762e-01
9.160360932259237199e-01
1.007969162656629170e+00
6.243089307697367030e-01
1.163138421694210334e-01
7.432919683749067419e-02
9.891867782747989502e-01
1.359985649129392682e+00
1.414342359248987435e+00
1.907783355482214338e-01
4.400719272222430867e-01
8.608634635135219426e-01
8.323149504602200821e-02
1.015512427137377216e+00
1.326412411257072765e+00
1.284084179397094516e+00
1.091229372336361969e+00
8.587686813258516016e-02
1.474011769526603954e+00
1.323100000177814817e+00
1.402513232265151677e+00
1.028098409840447536e+00
5.044138172099549289e-02
1.763310335110053750e-01
7.254368978474724505e-01
7.178094444126278395e-01
3.100524680238581077e-02
6.515111364120911297e-01
4.612541484115088020e-01
1.034511885729499703e+00
4.423805006291186004e-01
3.678625955265685255e-01
7.177975936256264511e-02
2.422452966183947787e-01
7.041647629145225684e-01
1.299349079023177422e+00
1.215340172338425839e+00
1.129695863396191324e+00
4.517492130385671878e-01
4.446789708576232014e-02
6.983483492787017077e-01
1.450768613223003323e+00
4.252462183373819093e-01
1.486572821538887146e+00
6.685221419604074899e-01
1.058504543347936311e+00
8.238098438782088806e-01
1.095113977891297274e+00
1.734674955843278354e-01
5.864776360116230602e-01
2.118497303321416059e-01
1.137030003029540604e+00
1.076711980835353355e+00
2.882673004248970661e-01
1.053729357762536623e+00
6.744433482327876206e-01
9.338063835686194469e-01
6.608979248810028517e-01
5.818581322744871276e-01
1.086791804112721582e+00
5.993540070368139627e-01
1.129689966009423507e+00
9.434856794512216371e-01
1.099789320946620963e+00
1.246880362748081561e+00
8.851756853542867010e-01
2.352110027968095651e-01
5.858468565030533481e-01
1.156475153809068068e+00
9.169024384796753413e-01
1.158491287455430285e+00
3.597910621488419891e-01
1.044347603189403451e+00
2.299134658804653508e-01
9.442040771084740935e-01
5.738484859266306248e-01
1.113056457453536208e+00
2.249973559152548819e-01
1.699345774414341981e-01
7.979520318037333082e-01
7.996648233262256822e-01
5.770104188637499298e-01
3.573388157173599256e-01
7.862786653646245405e-01
1.015756685701287187e+00
1.397173578191669652e+00
2.008376161991982101e-01
4.105686649098059804e-01
7.219184502314414109e-01
6.173189474105444940e-01
1.099023479424257044e-01
8.209178056359369702e-01
8.079549841314812575e-01
3.785992051482921505e-01
8.570768799485195544e-02
6.866606454987642660e-01
7.128794389407855370e-02
9.260951785331528185e-01
9.181544301584572132e-01
1.008964936665192713e+00
1.355190829053117607e+00
8.364577527822596448e-01
1.384389618269504796e-01
1.215543313170279083e+00
1.857024090646664516e-01
1.461078651909146320e+00
1.285034882851175064e+00
7.296489859641832609e-01
9.643337813808092740e-01
6.264346767184372222e-01
1.081084250695530491e+00
8.007676195510565753e-02
4.817597725627757455e-01
1.270965917576756699e+00
7.425062641317889955e-01
7.370210624053552539e-02
1.044166578058890238e+00
1.338709079373225697e+00
1.039409462643465121e+00
8.868836792227585697e-01
9.921189956034854873e-01
1.373379428566372962e+00
7.237930258277482931e-01
1.946135289022701831e-01
3.100674912470720579e-01
1.339685774688125885e+00
5.003519967485037245e-01
3.012472864687237850e-02
8.888148682559144920e-01
8.577807826506813615e-01
6.712111026009839332e-01
1.458151062997680825e+00
6.798747502150195299e-01
9.419610239515444627e-01
5.399611118486824513e-01
7.469608524500895852e-01
1.507536033923155827e-01
1.142740432311384779e+00
2.131910169276668432e-02
5.969811925548312859e-02
2.405849600525318821e-01
5.874878761982933462e-01
6.633509477820946909e-01
4.426798520569844020e-01
1.173160518618584724e+00
6.879465324913452973e-02
9.846832916610241959e-01
1.218082642594187970e+00
6.936010310666183010e-01
6.949419889067245393e-01
1.912680987164477875e-02
3.414059104636885111e-02
6.476453918566127399e-02
1.371033683286735361e-01
2.058616565217038508e-01
1.397849046499267445e+00
7.213593269017647414e-01
2.941640494880282120e-02
1.495677345884078191e+00
8.659822999968007640e-01
1.079287948493438787e+00
6.432292547106873704e-01
8.947543778415276705e-01
1.325857134586351238e+00
1.254614671577256368e+00
3.841423022353133154e-01
1.015330664746369127e+00
4.069911284183456712e-01
3.186243577995035992e-01
8.479301632378575260e-01
1.423896699369320284e-03
6.076225414991219820e-01
5.251116550890926327e-01
7.772918393170367146e-01
1.275087791689823113e+00
1.357855880909853319e+00
5.629257196253197870e-01
7.348689021088403717e-01
1.091963921012313765e+00
1.352470855317871590e-01
6.368482209716819220e-01
5.758433010563812626e-01
7.521174599059394783e-01
7.411615355121030646e-01
4.528918519358088868e-01
4.376228777089476996e-01
3.674070221100103062e-01
3.551461146702594163e-01
1.249894296688807360e+00
8.635035656609062471e-01
7.409103658612270493e-02
8.852834694753251021e-01
7.454749057707135140e-01
1.189859162384357294e+00
1.897744266467726870e-02
4.001160926823079667e-01
1.299261055429665745e+00
1.832259945282787017e-01
1.106056970816419405e+00
1.850060767863467293e-01
9.492424982572715830e-01
5.445365027939543801e-01
1.347425897651689519e+00
6.761079191080976436e-01
1.022482411922890133e+00
4.069388133492902182e-01
6.006247245276681301e-01
3.982940201625212451e-02
7.369112573721183779e-01
5.452312046539775636e-01
9.994294956796234697e-01
1.389601080586490234e+00
5.388875337084092498e-02
1.685739585869452939e-01
1.299330993492705311e+00
1.182126404049430590e-01
1.198268539723067905e+00
1.852685813720096331e-01
1.119025588667770688e+00
4.742096843303062470e-01
6.731964470988101024e-01
3.821266884975982880e-01
4.793258185786870018e-01
9.745364907322986436e-01
1.108761354094022877e+00
2.819575724690175922e-01
1.558885029835166414e-02
2.835652759714581972e-01
5.702537142267460890e-01
5.811735402894264713e-01
1.468350378512188303e+00
5.105073461264858503e-01
1.466876517867632401e-01
7.551708732834632176e-01
1.492452546187429174e+00
1.381398299698707532e+00
1.022925713105909962e+00
1.167632774158220643e+00
3.816539067623543890e-01
7.603741441661419076e-01
2.223618744867916774e-02
9.007972094066326596e-01
4.809228273877368953e-01
4.793634472211799058e-01
7.354219097809344685e-01
1.148567572862411179e+00
1.940830650751415032e-01
1.966000105030727418e-01
1.046256507820745085e+00
1.036661792978981755e-01
1.354265836584580329e+00
7.940825666587933984e-01
1.344331378895378126e+00
8.140354430777063666e-02
1.522591211090795760e-02
8.071532705006552177e-01
7.383507471906060049e-01
4.581193438772470095e-01
9.979513230162038173e-01
3.804130925892033610e-01
1.413662215250119258e+00
6.315259659283021243e-01
5.188521290633650862e-01
6.184426618733303016e-01
2.131737279931010254e-01
9.148970829425551177e-01
1.100433118094832574e+00
1.206278589904699494e+00
7.345447536871918537e-02
6.545399959971573978e-01
3.276669831167084990e-01
4.616151830542171708e-01
4.033572651044485813e-01
1.049899789416015139e+00
7.425213656870972567e-01
1.304491255619653289e+00
1.711800734443342797e-01
5.918165157026096246e-01
2.624185013775620634e-02
7.985890013208435390e-01
6.212654231013157169e-01
2.890459808614631587e-02
1.339023360273779328e+00
1.423721813714084350e+00
8.357047026868061890e-01
8.797206899315612727e-01
1.323901438239317718e+00
3.136914724925189413e-01
2.022825440399627639e-01
2.125877035741994825e-01
1.313149433409806499e-01
3.777940191307320172e-01
1.927039460254966197e-01
1.401250969817192105e-01
7.869589328408250761e-01
9.120714247732937263e-01
8.491423665582322755e-01
2.999423193590911585e-01
1.116474870207633252e-01
6.698343230790737568e-01
1.226181203787446883e+00
1.345179067187611266e-01
1.151043756059823564e-01
5.893393406134722623e-01
9.673932744150732788e-01
2.135227564366983244e-01
1.169478913496677208e+00
1.362353290572961395e+00
8.743796775959291612e-01
7.434141201862698445e-01
1.194905911604673188e+00
5.860377794207155544e-01
1.346905838626418772e+00
7.306811600053020328e-01
2.257224648126943678e-01
2.660986119581517095e-01
1.216541357892659825e-01
7.836627478734314867e-03
7.386285397134684239e-02
1.136272433177914598e+00
6.669950865909959337e-01
1.021554488999727894e+00
9.028190284449699732e-01
3.922931729623755359e-01
4.944596206598034782e-01
5.080985528247359273e-01
6.185406505917019349e-01
1.446686057200777809e+00
1.116716159906076533e-01
1.093176953436210130e-01
5.390481183794519904e-01
1.156572452950817009e+00
1.123835381570523095e+00
3.615190411161736117e-01
5.162125311447886000e-01
1.438533962056104620e+00
9.868208966516500702e-01
1.424668723321165786e-01
9.678683807388386295e-01
3.059870537517808131e-01
6.563808714657147769e-01
1.404817604416216614e+00
7.868340531010220573e-01
9.210992568161286975e-01
7.426400328149761476e-01
6.537595990367484067e-01
8.750684737293086268e-01
5.142264558661974183e-02
3.279398623190080131e-01
1.684963031089111718e-01
1.072648476147292529e+00
1.320016047915117507e+00
9.854331959967082000e-01
9.952161757501233330e-01
1.160424357805798445e+00
1.868847291172970326e-02
5.168098386171424696e-01
1.191923147702493413e+00
4.139803432184002707e-02
1.090082999911478723e+00
1.157675403512217649e+00
6.229417814872542092e-01
8.527642113483308028e-02
1.019791935444168907e+00
7.462427119939816222e-01
5.627607539980172824e-01
1.468368980872786889e+00
1.046190922290254344e+00
1.361921569180550184e+00
1.255876136408864863e+00
6.650176645603640413e-01
1.472673485063702881e+00
1.104509095576618360e+00
8.161744237109516131e-01
5.854909368655512036e-01
3.419196324189393565e-01
7.921890076385569301e-01
1.107188907035510539e+00
6.195231920469841391e-01
6.892786305044418249e-01
1.244783506464291811e+00
2.484305947493291034e-01
1.867989441565189312e-01
7.379981876773656913e-01
1.006627796820535270e+00
4.834139936599818332e-01
4.890653818710304912e-01
1.350568765021211703e+00
1.175195269097463191e+00
3.387986777348356293e-01
1.280341083672112745e+00
8.201708630159361135e-01
1.243849082886168578e+00
1.477854414439811581e+00
1.350473111508163182e+00
1.238266596270948039e+00
7.335112378349870621e-01
1.266513157863441430e+00
3.395614880650807965e-01
1.086695634556550827e+00
1.021559020415536256e+00
1.418652526369476918e+00
6.745625117126019532e-02
2.293505877022998796e-01
8.672276803503745635e-01
1.380683657704031564e+00
5.586616259613781388e-01
3.721395370411406667e-01
1.484075328266450056e+00
1.468853908978144496e+00
1.302430972148437727e+00
5.415463950686462136e-01
1.330305131581061007e+00
2.535614729826669578e-01
3.804558511984090230e-01
4.834124862143187040e-01
8.917591437203140625e-01
2.954781024487838081e-01
6.317241007130356412e-01
2.796116702789543940e-01
5.022534437676224872e-01
2.613434691322046310e-01
1.193194284105996150e+00
6.502559872177479106e-01
7.101731313419161751e-01
9.951214763183708900e-01
1.220429527718124740e+00
5.247075701623113986e-01
2.591134236620290521e-02
4.691546866772672297e-01
7.995396831745946731e-01
8.388660101727427598e-01
7.060390752536582770e-02
2.864590376330407029e-01
2.901338418170208988e-01
5.445084091946066351e-01
8.942179392310843911e-01
1.289974802850490709e+00
7.666962159069623528e-01
1.113490120276994233e-01
6.633209318142945232e-01
8.921933089372418024e-01
1.871509326201981072e-01
3.932141216340058198e-01
1.481535171705011589e+00
5.356782341548127491e-01
2.245090800115177587e-01
3.751127733668500608e-01
9.274743125893875062e-02
5.179839311365710408e-01
4.505559157723758035e-01
2.552046279632899650e-01
8.560236675164358822e-01
1.760865823324107571e-01
4.430260954457181377e-01
1.390464537037499060e+00
5.150238982716748293e-02
9.943222096370925023e-01
6.738810710611955468e-01
1.054189670052503525e+00
9.602564708952621153e-01
3.078226499694420859e-01
4.921117871997440218e-01
1.189238393968507834e+00
9.282546452911387691e-01
6.607729710157393965e-01
1.077225173434213978e+00
1.310443483370234974e+00
1.155324273129026968e+00
1.087225826967143760e+00
1.466263168679671658e+00
3.517040610325486427e-01
9.510229950598676485e-01
1.476139172745599693e+00
1.139585416184397682e+00
8.465688223898100162e-01
3.202415336228053855e-02
8.466820638880574457e-01
1.082039903303043893e+00
5.598566465923128233e-01
1.098657812071239803e-01
6.112388322938564489e-01
5.969769095606832776e-01
2.141107798914920202e-01
9.863491817576667264e-01
6.571791197520644445e-01
1.466050421588976693e+00
8.140695562180418898e-01
1.335795736816132173e-01
9.126547350011625648e-01
5.459988582105483879e-01
5.992828193759788258e-01
1.338552971420322368e+00
1.100502156294248524e-01
3.513976245930767739e-01
3.450701491336911619e-01
1.464517288137011652e+00
5.614782468362491397e-01
4.673791016356439454e-01
1.298779600048405536e+00
5.897216226930996896e-01
7.169379999942944170e-01
9.738532558045199794e-01
9.846425169097873242e-01
1.054284457710653822e+00
1.440448674510505844e+00
7.393779707006831181e-01
3.802806920651324862e-02
7.095167183223832774e-02
1.512406658786203395e-01
2.877254030862824719e-02
6.067557920972416197e-01
7.418953797848562015e-01
3.415102843499118745e-01
8.933161623377308125e-01
1.128655130186174915e+00
7.810915822594828306e-01
5.376312693055287362e-01
2.417890749964227148e-01
2.809608499910742907e-01
1.313142464398087128e-02
6.001571169928294758e-01
6.464444172906309571e-01
9.697303402814281270e-01
7.206835069107686564e-01
1.382392417658556028e+00
1.481111703347292918e+00
4.199424282546889708e-01
9.965179708901351630e-01
5.296843446641003039e-01
1.157173016014699796e+00
1.494575440692511581e-01
1.451791573110916334e+00
5.615963549604863214e-01
9.075473936794065111e-01
1.172893141862402899e+00
1.264574671135302086e+00
1.481647391339842246e+00
3.232324795068975409e-01
2.127679893340974071e-01
4.786906339739873117e-01
1.483803312712312916e+00
1.161652907268974744e+00
1.071219449998294770e+00
1.448106789130850114e+00
1.051900873544782122e+00
7.326323504667463515e-01
1.276123085179190708e+00
8.260491293504077515e-01
3.584590563935788898e-01
3.043246668566821911e-01
3.579896038285489968e-01
4.317983815358200639e-02
8.758309576244150962e-01
1.295775800457168447e+00
1.249987099241580912e+00
9.816315736793125302e-01
8.639903116440462716e-01
1.016643561409291907e+00
1.193334244595033455e+00
1.156614587193761423e+00
4.937805030684265239e-01
8.216036463084477326e-01
8.506892185549750351e-01
1.140364463685034746e+00
5.980903776221645485e-01
3.736339744290179121e-01
1.480649439817500523e+00
1.363507317642599581e+00
1.196236365056313256e+00
1.657769616809584012e-01
9.311731797716369385e-01
2.847305749800110863e-01
7.035318904582772426e-01
2.659193789390383311e-01
3.955727719454400493e-01
7.686722774279668435e-01
6.490985438469614177e-01
1.074110667283972642e+00
1.480352269058572867e+00
1.382575423246224622e+00
1.251048404200682418e+00
2.031063510274448980e-01
1.313528368925986012e+00
7.706840607579119595e-01
2.971812557084453355e-01
1.040875689753759215e+00
1.468977523763237425e+00
1.452629919129876601e+00
1.285183472207243494e+00
1.116786305445443217e+00
1.449307603218089824e+00
9.336358694282070880e-01
8.277404981504452586e-01
1.143012073661496264e-01
1.990901030203259259e-01
9.885562456414663801e-01
2.951470966026392695e-01
1.102571851010176740e-01
1.209140138825108846e+00
9.637413073845956246e-01
7.498220998039945018e-02
1.370316856825992469e+00
1.353034680480687202e+00
4.242668643834671127e-01
1.431140793956264812e+00
1.925041689716386895e-01
1.139994303093450290e+00
1.426836471682453755e+00
6.385836587707115486e-01
6.988733899546635264e-01
1.234282785208047795e+00
8.644802029534941479e-01
5.170862033353744724e-01
1.074313594927490456e+00
1.420329099829535036e+00
7.602166866773457654e-01
6.689818590595033587e-01
2.532037416220895842e-01
1.257341157014162381e+00
1.256520510386165967e-01
1.185177192856104345e+00
1.418539629187043793e+00
1.129564467708466857e+00
5.354669030870238267e-01
5.064796737199167564e-02
8.478970610956855225e-01
1.009807846636846529e+00
5.081212504117719186e-01
4.545118776847033581e-01
8.634039946506679719e-01
8.308618953102735460e-01
4.931045470787536744e-01
1.423226851807386506e+00
9.911452352473661964e-01
1.201468666945499253e+00
1.025194152552012739e+00
6.952986451116920374e-01
9.200914829914192961e-01
2.869406091137750581e-01
1.453004517470944057e+00
1.165858238172069017e+00
1.119236198991849118e+00
2.647098258374634971e-01
1.033122188179128376e+00
9.307337028029845083e-01
9.800393824691413514e-01
4.391076300482055217e-01
8.903634026228888221e-01
1.160099863574154400e+00
5.455186763197722444e-02
6.907501761615884028e-01
1.266406785287985004e+00
6.855740136606404134e-01
9.175678475107431620e-01
4.981679971994951162e-01
