2.241620840786515134e-01
9.410753011288219838e-01
3.795218622405903686e-01
1.008901349892626031e+00
4.496102479917096773e-02
1.262564455090198212e+00
3.938297862468795874e-01
4.044558230158887269e-01
1.376727485095953663e+00
4.422261096686605497e-01
8.337779974705938901e-01
8.425739059322203683e-01
6.495707809273374433e-01
7.041542780275279467e-01
1.264425315190147447e+00
3.343948930333127678e-01
7.660864714349753246e-01
8.677774986635942156e-01
8.350089576777646183e-01
1.019769367211509126e+00
1.063333846062168409e+00
1.272038234858572370e-01
3.924762105199400275e-01
1.297994412280080834e+00
1.432391109906722804e+00
1.363699364520107205e+00
3.680280825067726025e-01
6.151485278609531981e-01
9.471721377423953925e-01
6.192323348008859085e-01
7.035995369995331483e-01
9.674513017716783736e-01
8.044272033085807516e-01
1.282682838493971467e+00
1.161278392708596119e+00
1.230370463836823136e+00
1.496949953666492639e-01
3.685677839497766839e-01
1.206360837908548866e+00
2.759793489277210243e-01
7.242908653100627037e-01
5.936636843196954061e-01
5.531260161843072343e-01
3.178319038123998963e-01
1.495558560138159576e+00
1.201825351667905606e+00
7.225544889624273548e-01
9.825966547952671437e-01
7.183012212187551704e-01
2.579177286363980026e-01
4.622371774556722213e-01
3.827688639199560705e-01
2.099422947907668702e-01
1.283851084756257643e+00
1.277881998035274580e-01
1.395743677243753256e+00
1.027169425519435464e+00
3.507727548118910743e-02
8.009568038279122337e-01
1.434781435959512574e+00
1.376638590730971501e+00
7.556080196141825578e-01
2.548323936493766539e-01
4.575897919872891073e-01
4.810234899816004939e-01
1.245670830829011200e+00
3.278577885508905942e-01
3.961784672377477445e-01
1.360973714776281041e+00
1.313531620196359828e+00
5.696906467727035350e-01
6.493900618336905239e-01
8.542546096439258552e-01
1.402074115732276915e-01
7.441339311228059028e-01
9.443677112423080056e-01
4.979590891950463893e-01
8.542229051836539577e-01
1.026671992318170856e+00
5.316415335716306867e-03
4.749739142062379127e-01
1.306454859619857967e+00
3.118124136893773990e-01
7.483955219951043958e-01
8.026853004715501783e-01
2.572352566217873671e-01
1.095753785792211055e+00
1.168511871336027186e+00
1.009956707634116935e+00
1.323133561056063279e+00
5.910508553174677049e-01
8.594252220368721051e-01
1.281127951979527113e-01
1.123082074646441608e+00
1.339530088803262187e+00
9.807188667781480129e-01
1.190053247812506321e+00
2.140864641925150358e-01
1.193724548071066094e+00
8.104460280620662260e-01
8.459519876660315241e-02
1.293569252533316227e+00
1.043839704083955322e+00
2.055908066814653989e-01
9.719678676804210937e-01
1.081378080838421685e+00
1.228457479372182970e+00
2.061634054595565257e-01
4.233002541807219798e-01
9.008792170314942060e-01
6.845209140644259449e-01
8.423652041959717174e-01
5.251680858807717955e-01
1.163492284391169029e+00
1.304743529227833987e+00
4.507336412677531712e-01
2.163802296340401332e-01
9.713416907723410043e-02
8.891497320910703994e-01
6.729160789374100116e-02
1.380890145527504109e-01
1.188528197452165536e-02
2.300719178109588148e-01
1.047263068179618006e-01
1.136582088419929581e+00
4.491285805549348753e-01
2.120873898534656465e-01
9.239405570384857658e-01
1.192804830869470090e+00
7.145737731910196677e-01
1.400146564992456710e+00
6.313297714287147144e-01
1.512136130292593417e-01
7.767740439038930411e-01
5.788203347358709117e-01
7.136127320479714875e-01
4.968526537601148929e-01
1.327496157083738693e+00
1.023169276223341528e+00
1.481734965513313629e+00
1.433062200955988352e+00
3.124710643646997354e-01
1.106937573770395256e+00
9.737778455913488340e-01
3.451179024448968180e-01
1.167154980312335999e+00
1.873870586491347412e-01
1.251536573261375240e+00
1.047061799082911193e+00
1.022590889178357720e+00
6.974122360989425395e-01
3.320098896565800706e-01
1.209810943385154269e+00
4.743494589281680440e-01
1.367354266904242222e+00
4.558850168002481773e-02
1.109598261560400978e+00
6.529466880289351849e-01
6.841017414746606295e-01
2.169321414661392056e-01
1.215871917617891595e+00
2.854444509039821831e-03
7.996366108392943817e-02
1.140425421270216066e+00
1.039317078277098405e+00
2.343255850076894631e-01
5.983924480657391021e-01
1.055731388638128654e-01
1.170862737944268872e+00
1.152499920456930838e+00
3.954616134616086298e-01
1.611021057839684412e-02
6.252512122785847115e-01
1.115798831790585588e+00
2.779771897891437082e-01
5.680732819120737354e-01
3.661923190171808562e-01
1.162309863755284667e+00
6.508527365509508833e-01
1.221086267792137026e+00
4.391991076276394179e-01
6.352423789939338761e-01
1.524101675157152336e-01
8.058794282774680573e-01
3.983459243417550311e-01
1.001017022606625506e+00
7.905782694263314703e-01
1.374001749446151499e-01
1.271099262696343546e+00
1.296819483562176023e+00
7.416777338695265120e-01
3.345308472004183131e-01
2.259904827848970843e-01
7.339557297073456832e-02
1.352135847923447542e+00
1.189140511205041051e+00
1.401128513341955983e+00
2.918968477591371569e-02
9.346784453825789374e-01
1.014826370282733592e+00
1.008703226714956269e+00
7.710876322778430492e-01
8.435491138609655382e-01
3.828337937098774124e-01
2.932923739851958644e-01
1.026044420087979692e+00
9.275873671263150655e-01
2.799046490378764851e-04
3.023724398100764432e-01
1.063869573735563234e+00
1.894053888413594344e-01
1.421740455544079795e+00
4.016001456193578067e-01
7.093722672013884623e-01
3.494853733065770296e-01
1.314289743431399815e+00
3.021577738425991755e-01
1.396569578032210712e+00
1.053819170237410896e+00
1.379870706288092830e+00
1.053336284987170357e+00
1.361951438527023939e+00
9.649755009765794700e-01
8.955097464980719124e-01
1.092964447353033997e+00
1.005783295127782084e+00
4.335116151616843494e-01
6.822028715641712537e-01
9.637139987169490718e-01
4.254341353301609452e-01
3.710537335149226568e-01
4.172123063146530031e-01
1.867788702512570564e-01
9.940653777447203687e-01
1.226641857510418543e+00
2.113257005427411905e-01
5.006461779604366447e-01
1.121004789132455937e+00
9.279661263937473148e-01
7.149740398253162654e-01
1.399466282260750871e+00
8.540826443710665128e-01
3.365771126093402010e-01
9.446056998196092902e-01
2.463534971226196690e-01
1.142632417058840888e+00
7.616841689140911864e-01
1.363258600751554361e+00
9.505113895206901420e-01
7.400263223595473505e-01
1.139105228202195175e+00
7.765214096920631803e-01
6.100926344078323460e-01
2.847528309959814208e-01
6.116924723430636757e-01
9.383204551036341545e-01
1.088819355204429407e+00
8.648086641650289952e-01
2.621231382901171858e-01
2.145627548223126846e-01
5.777304762578308051e-01
1.392684639023252124e+00
8.357492623773539187e-01
1.474792713702719471e+00
1.432969042839472573e+00
6.798378843263719329e-01
1.213224484977552642e+00
9.015355974270929940e-01
1.060015733638658419e+00
1.027777300595109189e+00
3.598499509687319575e-01
5.536851939364484387e-04
5.845782495476453677e-02
1.471036110471303893e+00
7.834737246107907893e-01
2.942232147035996892e-01
9.002888534536461762e-01
1.213052294120875452e+00
1.461867952487161393e-01
2.097792250984010232e-01
9.240155643563841004e-01
6.574062208257080986e-01
9.162033131502489436e-01
1.657252291245405740e-01
9.948640160748967176e-01
6.414295079914299480e-01
5.441790151155871946e-01
2.234869203132310300e-01
1.183615241174214461e+00
5.361283659287308101e-01
5.283044558342470109e-01
4.945716674225852927e-01
2.275470547814948397e-01
3.829098253388529827e-02
7.166533435226871696e-01
6.808182928160808611e-01
7.735044315231598411e-01
6.445790150868315749e-01
1.392855619957875435e+00
7.791029623959686568e-01
5.581997029154737167e-01
6.166367679829065640e-01
8.339875283013242768e-02
6.755836427477206474e-01
7.673725226077219297e-01
7.095633350295669217e-01
1.411034175889594344e+00
6.726571396575889983e-01
2.075511913079970405e-01
1.201126816132187525e+00
1.424092305774546041e+00
1.426558815343061282e+00
4.146009229044325117e-01
8.371180857848032897e-01
6.587418076268405365e-01
1.342369468080741424e+00
6.737963987923518694e-01
9.717311093080148732e-01
5.363328385435249812e-01
2.366364334953272586e-01
1.401516604776878783e+00
7.172782224637830328e-01
4.494660767142200086e-02
1.308041039778649495e+00
1.029098318410952562e-01
1.163582677473884441e+00
7.465226972713077114e-01
6.532751793082429703e-01
3.870995783761519982e-01
5.137051175106830403e-01
1.110654561137877638e-01
7.567312661993434997e-01
1.469146760829266540e+00
1.038644867900908153e+00
2.866094213476925723e-01
2.282498913877378244e-01
1.308180021356918354e+00
1.344077655948749284e+00
1.270731196734725010e+00
4.414992061429052761e-01
1.261020005200631511e+00
8.117304548660460028e-01
1.038979312932505783e+00
7.762883002466263171e-01
1.458358876633238710e+00
1.486339270613039165e+00
1.354781129893638525e+00
1.426652032948107385e+00
6.718696922018990714e-01
1.403120322881867832e+00
6.905354426088194941e-01
1.356420933225398251e+00
1.301314219411385142e+00
4.602216201753248082e-01
3.129723448494833860e-01
4.291367932549306485e-01
9.337833326448181648e-01
4.407930990512418101e-01
8.522755799386698694e-01
1.091627703482087819e+00
6.581151046489194245e-01
6.213724389134021031e-01
7.374953940419204379e-03
7.857614457895862881e-01
1.367585876476191120e-01
6.043522560923936249e-02
6.576480564834332743e-01
4.563690250980901308e-01
1.002639340286213820e-01
1.466652934812005871e+00
7.256375456750936426e-01
3.117245935291907966e-01
1.322733059575676107e+00
1.177985761423067546e+00
3.124318950904415026e-01
9.324621227864315909e-02
1.151009012241537288e+00
5.107524630332420656e-01
8.348667361900616868e-01
1.032033440817227810e+00
7.388651933234419156e-02
4.777818917440547763e-01
5.492592868446494192e-01
1.385724135888988018e+00
3.480873054019960056e-01
1.328917946581023690e+00
1.916995506259124293e-01
5.860435916716484339e-01
2.656818998276627708e-01
1.307001802824149461e+00
1.133713607842898430e+00
2.042276183086089159e-01
6.771275515941471701e-02
9.593378904431217880e-01
2.525789412656891386e-01
5.650543647388757140e-01
1.253287166814254228e+00
9.080564276737455032e-01
7.769457465424778331e-01
5.781680142393138544e-01
3.736914766014436950e-01
5.249420431464399961e-01
1.358726382439495728e+00
6.624271255172471395e-01
1.404083361862582091e+00
1.203446731116449842e+00
3.146055016502946611e-01
8.799344408610016988e-01
6.666460388982911045e-01
1.861425236291815444e-01
5.052968944599961487e-02
1.439200055119516652e-01
1.415572053007357889e-01
3.998446311145179011e-01
1.370107345526487386e+00
6.311754573731247486e-01
1.384827106672338104e+00
1.021230695706362379e+00
8.132453344598801204e-01
9.939930260155598329e-01
1.563539092580492063e-01
7.064163440492732260e-01
1.118620931905002891e+00
8.594439290270636800e-01
1.109513977088426806e+00
1.014884439962243645e+00
1.216164679993031461e-02
5.240621400808620489e-01
9.919641408362059876e-01
3.183731082195584428e-02
4.801642614419664445e-01
1.494043456834062145e+00
9.945030575820289487e-01
1.369674278516693988e+00
4.589432467298419915e-01
1.020541471787528742e+00
5.824414483328803627e-01
8.580528430980310928e-01
8.865998246764208446e-01
7.610000307511004536e-01
9.759947867534557453e-01
2.278609792895720521e-01
9.578985819467822349e-01
6.766220447280570927e-01
9.274822891672873659e-01
1.419213987485471673e+00
1.107948471458016115e+00
1.484698345093187877e+00
9.474977680804721469e-01
1.387451428135120235e-01
1.359661438889986140e+00
4.390413805181986318e-02
7.746141079811192931e-01
8.575150606021765265e-01
1.464269961220868721e+00
2.745619372735990105e-01
6.544678490672515281e-01
8.218801282043959322e-01
2.242311834053177244e-01
1.453374012801150972e+00
1.082414176434863151e+00
4.983179772636456284e-01
1.379700139874580067e+00
7.619309620429477459e-01
7.249526918070420267e-01
1.458735970998942699e+00
1.637639317668312944e-01
1.087063287520742660e+00
7.786941962712687904e-01
2.365493361472889577e-01
7.670398368379465204e-01
1.032996087752264813e+00
1.057123080845705054e+00
8.929255233798202296e-01
1.026536635352696791e+00
1.202239056033223674e+00
1.367504063191912866e+00
6.023890067442969620e-01
1.242440553924810676e-01
8.408708119199580500e-01
1.280556329132034987e+00
2.164613201723283309e-01
1.223445927046951542e+00
2.094313293237556883e-01
1.267162180072638034e+00
2.132674497296215832e-01
1.688375369271834514e-01
3.229582718080532544e-01
8.827588998021652644e-01
1.286302357900670046e+00
1.450848837862880769e+00
1.151049251476136570e+00
3.213585685797359925e-02
1.031244438056319490e+00
1.451349604963992457e+00
1.321341288510304857e+00
6.509146650695319947e-01
1.280191524177857865e+00
1.247675895894414744e+00
2.414577169613641439e-01
6.431540269590394487e-01
1.031602650130695409e+00
7.539338238386161795e-02
1.485632933923420884e+00
7.697328636145885916e-01
5.404168149950072664e-01
8.191825965956763822e-01
1.085575408386715068e+00
1.231452761797910078e+00
1.415603281578669881e+00
1.201189487333481187e+00
1.159652721784944163e+00
1.241988639406672590e+00
1.652033098880274498e-01
5.330579848781602514e-02
1.348330296764722158e+00
7.157202649943184003e-02
2.152484895127226849e-01
1.488366493250718792e+00
3.156620114266591726e-01
2.856986546857248621e-01
1.237883564930563285e+00
2.044907806375453330e-01
2.451551392728379408e-02
5.618800479972383410e-01
1.304581159050288708e+00
1.401264288665263535e+00
6.388046344433997437e-01
1.076670139049015873e+00
1.927103060068643403e-01
2.585086580829416003e-01
4.872962496318780645e-01
6.896835711160237414e-02
4.720274717787308338e-01
1.390183571637951143e+00
1.346551756080792694e-01
8.465084783393370671e-01
1.411576749101789985e-01
9.480408187464270942e-01
3.437323056037623892e-01
1.918754348767064966e-01
1.379345175959914460e+00
1.058833162918139559e+00
4.166964326529371543e-01
7.941025131141496995e-01
1.246493413460198818e+00
8.948101599667279693e-02
1.296038491904172529e+00
4.343334113507648642e-01
5.446198755149295190e-01
9.774029849745717868e-01
5.719188021730431393e-01
1.727855783841214521e-02
1.145729923361999747e+00
8.033691970914937919e-01
1.872543776057625786e-01
2.973693269632601832e-01
2.444159003794976193e-01
1.034506765089217240e+00
2.694773059295657580e-01
5.484326842649930311e-01
1.359097818124742063e-01
3.065925035042132429e-01
1.630135312281315030e-01
1.342355434204775655e+00
8.981596714915746071e-01
7.196015759756204666e-01
5.644753149516905655e-01
8.649364261568084356e-01
4.156323538144014451e-01
8.005857396460529518e-01
7.649076154882414880e-01
1.224783802377552355e+00
5.289780652069930866e-01
1.332218093631387212e+00
1.371153371307043400e-02
9.204439833661154369e-02
7.018854039293660474e-01
2.274491486069097346e-01
6.010583666268184411e-01
3.948894539158558370e-01
5.629504417294650676e-01
1.475925000469233250e+00
2.808221046919692210e-01
6.295660333695773936e-01
8.955662200366099057e-01
4.588481827106883904e-01
1.100513724132426541e+00
1.463767722026121820e+00
2.922112763317451511e-01
7.448697138007116525e-01
1.244151798550872545e+00
5.273016108619799081e-01
5.593934151369639451e-01
1.150085041023395371e+00
1.250893069919033929e+00
8.162948888301730932e-01
8.053664958358319748e-01
4.751117075602638851e-01
4.065548372626243134e-01
3.239798606209700060e-01
2.279494373603559998e-01
1.266587353958838591e+00
1.196799294231200683e+00
1.171754859569876128e+00
7.169589484886050856e-01
1.007790825883314145e+00
5.777144793489885632e-01
4.321320705693790232e-01
4.495551889459971640e-01
6.584624844858105730e-01
1.006197174295015428e-01
6.608527944503559404e-01
7.897327829284398470e-01
3.238705324323616352e-01
1.029575499305164010e+00
3.450719248411081019e-01
4.951980576388896327e-01
1.488995887558705045e-01
5.299825731377383331e-02
1.241843200687384297e+00
8.974696498322882743e-01
4.886639984471640719e-01
2.241829013938889670e-02
1.064606090391940985e+00
2.043023310400574610e-01
1.321134947357368139e+00
7.851258646946664976e-01
9.365649183033227798e-01
6.848653017613705041e-01
1.462359736436095625e+00
1.350821996616080156e+00
1.446428761730731871e+00
4.794694275086353041e-02
7.125199212785362501e-01
2.579941492553689542e-01
6.545470645820528066e-01
6.561599205906233356e-01
7.322343452045445567e-01
6.411570616365731556e-01
1.198304372343172552e+00
1.393716436501623246e+00
4.280428051395891997e-01
1.428877858398776901e+00
4.928852610051988603e-01
4.121471163090810186e-01
9.781593719329835235e-01
5.690508766810203900e-02
8.194615988492326419e-01
1.216280273567875714e+00
9.930182839527323946e-02
1.475373413501921194e+00
4.220116868762898710e-01
8.221463262301316188e-01
2.798186939188305744e-01
4.411324042922298849e-01
8.151706826649036675e-01
1.007922416095248908e+00
1.044679528134190516e+00
7.531482381439038587e-01
1.289006777401482395e+00
9.778866963381542821e-01
6.079191251052314948e-01
1.257963213934046198e+00
1.270547617355906711e+00
9.881669865470940062e-01
1.243464359691902166e+00
1.413389622813709945e-02
1.477079140291187587e-02
1.118788159523773862e+00
6.953148149317991411e-01
1.217722371863099173e+00
6.599229293042254696e-01
7.847292797451155266e-01
8.300088456206990983e-01
5.830791306938012397e-01
3.796694399588056990e-01
1.015262933228831876e+00
9.335724093017485625e-01
1.077560846574685760e+00
1.118545663850590177e+00
1.197782006416522105e+00
1.343154206975571308e+00
5.589068610095782041e-03
9.482324630132470400e-01
9.045883054845984539e-01
1.093789376558492288e+00
8.688391352628808129e-01
9.823321447189654609e-01
4.992175731789553206e-01
7.373534625174835710e-01
1.071915815873882849e+00
1.308944500041815395e+00
5.305115965034752357e-01
1.445121172149635980e+00
8.871135769988773845e-01
9.864905246836321862e-01
7.558541978627286717e-01
9.732472279929087478e-01
2.842549623146773397e-01
1.301569780123039699e+00
1.044084051486213083e+00
9.089398432398921868e-01
5.407479085976844013e-01
7.298751731808268417e-01
1.358058358904002727e+00
4.577610874653345596e-01
7.718859402752460408e-01
3.254352495145338975e-01
5.377704735673215497e-01
3.620210273462960981e-01
8.467620568079918808e-01
4.912141704378501506e-01
1.178097755644925471e+00
1.817135731344445282e-01
1.231338628254738943e+00
5.418397121289404428e-01
6.065837365335402520e-01
1.372255701751783574e+00
5.806416370307548869e-01
3.649638733301805993e-01
1.090801166144534706e+00
1.769215759166624657e-01
1.059834439756940139e+00
1.134584588613170686e+00
9.395284443735643087e-01
4.382896158429760991e-01
2.504740641910085941e-01
3.700808020708045154e-01
3.238844092304066224e-01
1.196404646475182076e-01
1.484801739490282380e+00
5.115390710411489295e-01
2.574992251654584230e-01
9.969585328353118836e-01
5.463500608326741226e-01
8.624439562657512104e-01
3.531166863674526923e-01
6.902291159787814490e-01
4.075031401468721115e-01
4.763636606851595623e-01
1.089712080642025516e+00
7.807042265679353665e-01
8.038843373210011745e-01
7.835192610048267170e-01
7.837613352770833597e-01
1.267918571467349764e+00
6.922785406692699706e-02
6.552979315679764438e-01
8.084765469798815829e-02
1.450276163535978435e+00
6.167650683792393895e-01
9.138340900298319580e-01
7.689564800844589376e-02
3.092088322245304943e-01
1.279472873203541639e+00
3.404049856946539387e-02
3.362653964179193600e-01
4.047455435682484337e-01
2.521967700245715815e-01
2.881742159603462028e-03
2.830649757763343266e-01
1.313390018344924748e+00
1.877279614052626555e-01
1.391885780925027127e+00
7.643965719214012022e-01
5.665221652754337534e-01
7.484721526294333405e-01
1.618663564399659416e-01
3.335291452801720236e-01
1.419875525531149041e+00
7.726812909687239550e-01
1.419606965761522677e+00
8.877245229979697783e-01
8.441264788687918852e-02
1.402768918907371987e+00
8.104439971347141558e-01
1.215873433162918182e+00
9.806513248201408350e-01
1.113677825636909535e-01
2.456331681760309804e-01
8.071359777289370818e-01
7.164857273851121811e-01
1.333051421041062667e+00
6.187879165061755948e-01
1.668974458291069829e-01
1.211351012484673362e+00
1.032436258691248554e+00
7.657009024879952719e-01
6.058419812711879349e-02
2.222345449068868772e-01
6.068717752737585736e-01
7.400289032962559244e-01
1.363952657630733700e+00
5.280716563806009400e-02
7.130183753864189899e-01
1.127702853290386109e+00
6.502235607690889374e-01
6.647145956459092897e-01
6.249028781011554123e-01
5.532962402925856171e-01
1.062158956583392433e+00
4.220151542140774259e-01
9.855852538479965563e-01
3.271892433144841239e-01
1.403508666476548150e+00
1.296537931342653494e+00
8.645639816355767948e-01
1.310900272712441250e+00
6.840393228004288950e-01
1.373615471950066613e+00
1.363576191305464036e+00
1.098399011035870787e+00
9.987493730625858213e-01
5.232040413607625950e-01
1.162779314874005321e+00
7.480168066175305608e-01
2.004996579781252453e-01
7.842319021560687498e-01
8.418130607313619729e-01
1.123432001472677744e+00
4.621386874276548484e-01
5.947354999846374835e-01
6.714124802893119970e-01
7.036580068832196666e-01
5.348139825036876127e-01
1.242445000519737608e+00
1.065405222135760388e+00
4.926430533623595842e-01
4.660095060238562126e-01
1.489127589087994918e+00
1.343312983924986437e+00
8.315690827935597884e-01
6.039790893440781794e-01
1.412417378811832824e+00
3.664222980910878391e-01
7.027757786495483217e-01
1.338696947596580422e+00
9.555958727259417085e-01
8.050099678691330363e-01
8.487492902093449754e-01
3.109381154337689246e-01
1.115841151755705862e+00
7.824985603285460334e-01
6.063909963381921564e-01
4.291898076946478180e-01
1.479067587156703834e+00
7.476102258370427300e-01
6.915646485012530986e-01
5.983586383532873976e-02
1.193016484816127765e+00
8.776938903948581228e-01
6.999022151831637562e-01
1.035059400368712801e+00
1.138067937151113318e+00
7.036288007400366418e-01
1.132995166221294481e+00
3.795946932985473921e-01
1.053724948094553748e-01
1.305937812511070550e+00
1.192254753720651816e+00
5.426442588272616385e-01
5.287743566713944965e-01
1.265513087803842751e+00
1.321304380363086173e+00
4.555674215308715413e-01
1.473455335234267860e+00
5.511653318098842513e-01
3.424843091245454718e-01
4.203348387633890071e-01
5.270389723169598417e-01
5.916947290084195732e-02
1.369562469956937534e+00
1.072698888075509505e+00
4.924865207624742336e-01
1.154137314599764652e+00
5.408934593029347537e-01
1.170517568412868581e+00
2.766212619150720808e-01
3.543048120281289126e-02
5.745199755040711898e-01
7.509639950345611270e-01
9.822786514954282566e-01
1.253163330862431923e+00
8.276090946033541895e-01
8.571893560664133327e-01
1.096479338944148729e+00
8.035536673392325024e-01
5.937026545215926543e-01
1.170419776727803285e+00
3.279939682113967581e-01
1.348346659727651442e+00
1.342550129676268966e+00
7.847226997510120539e-01
6.334772085312925238e-01
3.935295484063821569e-01
3.611890373619278671e-01
3.840263826243320300e-01
9.337432335093293068e-02
8.964565819561360893e-01
3.064371281343660214e-01
9.572663297038732644e-01
1.363040948137881569e+00
1.979366883150370238e-01
1.462415273418163242e+00
1.124022089853620621e+00
8.843978649554689042e-01
1.401600263084113562e+00
8.675466557898785513e-01
3.937129905115452355e-01
9.574074486164629860e-01
6.248288234627839000e-01
1.990878232828030003e-01
3.144665388185197141e-02
2.022862865931859266e-01
1.372869177630190229e+00
5.466808784433566659e-01
7.782350480284639938e-01
7.758865033411415091e-01
4.220561887845909466e-01
1.165468177146941731e+00
5.681248825698148597e-01
1.105687304821930672e+00
7.019999763556148409e-01
1.422718130930672231e+00
1.090758809638840310e+00
8.049558029423912187e-01
1.383311120548793016e-01
1.367802113580885104e+00
9.808764899775357371e-01
3.246486752410108756e-01
2.072635002479573663e-01
3.746819348727171151e-01
1.163055682525693912e+00
5.506444554524189128e-01
1.060166319709041849e+00
6.830417557863196487e-01
5.160450755566698966e-01
1.494301988982564167e+00
1.275687518176834567e+00
7.553565655971407056e-01
2.741689001480950294e-01
4.130480333834523621e-01
1.444277986832720462e-03
1.366155575765321650e+00
9.234005149796358225e-01
3.504314208526181362e-01
1.120038300503022333e+00
6.394444190309278575e-01
5.659866201439582856e-01
1.053813972774536811e+00
1.115122402953121483e+00
1.355663693048585694e+00
3.176938546415002396e-01
1.305401657609724930e-01
3.732381424162454775e-01
1.048646918914057924e+00
1.782973220828080185e-01
4.663537549401822191e-01
6.733069835713512141e-01
4.019996133358496593e-01
1.939133899656169113e-01
1.138270975404116703e+00
8.640618471864752737e-01
1.048474656717205189e+00
1.214325767397448907e-01
5.777506432635121092e-02
1.159976857156730823e+00
3.016398678758085983e-01
1.164834834881534498e+00
3.496238779685345577e-02
4.756696957572410511e-01
9.497126640992477054e-01
2.205731155072300220e-01
1.124560325521145820e+00
1.387792527024620748e+00
8.380443219361033425e-01
6.097132810813719050e-01
1.114272508701267483e+00
1.461787899978939542e+00
6.547155826043737914e-01
1.428575982032950886e+00
1.405602067674976752e+00
5.951225643994071390e-01
1.317032328415657094e+00
1.087055713767273391e+00
2.534256332690421054e-02
7.739193815003383436e-01
1.147925644101267517e+00
1.370725787152778263e+00
1.060627343303730097e+00
1.436257056320460634e+00
6.681635748751129089e-01
4.345900880658173371e-01
8.573361816184145168e-01
1.464580511464111723e+00
3.370449705829133835e-01
4.199290273036103138e-01
5.532918446947374669e-01
1.632247629599862249e-01
