-7.193771069126606577e-01 -1.318604013383252102e-02
3.887378847825189165e-01 1.624745422699991684e-02
4.714776880597248976e-01 4.116744883184664250e-02
7.924976848497904403e-01 2.114426625404504378e-02
7.091060283520338459e-01 2.342725287668407166e-02
-3.485191381955874412e-01 -3.721004960456006372e-02
8.299708387147193278e-01 1.469479555007547830e-02
8.639391776138567458e-01 1.061116026360751398e-02
9.275173918684609387e-01 6.056090965013376584e-03
-8.722698291453545583e-01 -7.288502106074025953e-03
-4.353448325743702885e-01 -2.650266701970501598e-02
2.176097375819951996e-01 -7.139946291135117196e-03
-9.847432220453278262e-02 4.602175313879568186e-04
-6.863690614598645379e-01 -3.278499575801554350e-02
6.364060392534929278e-01 2.625123267521961914e-02
9.987697478278401153e-01 4.843982188015918955e-03
6.788623123621675415e-01 2.100674736482682076e-02
-6.061232492351600332e-01 -3.261845392035148811e-02
-8.150999706496468988e-01 -2.025431748767273638e-02
-5.867051773338793907e-03 -4.094692001744735035e-03
2.620545774610503198e-01 1.713462700821454660e-02
1.591521934897572876e-01 7.118473568156197598e-03
6.630234459377861711e-01 2.238185326143707701e-02
-7.062167191265220634e-01 -2.174791590715139528e-02
-9.945461920979143944e-01 -1.050945540156544497e-02
-4.901762739021349180e-01 -2.746307269575771343e-02
7.483216168907536048e-01 1.272680493294377560e-02
-3.907287264509842206e-01 -3.640432636338674505e-02
-8.730188448872169271e-01 2.425539927841991600e-03
2.584811038278700401e-02 -4.828470621239020800e-03
-8.593773558692849868e-01 -2.888887570152230688e-02
-8.981072744016698195e-01 -2.812606141847293420e-02
-7.942078430599393002e-01 -2.196749139405142909e-02
5.930435954909678564e-01 2.444730592345452369e-02
-5.690772696732857572e-01 -3.534061540457476835e-02
-3.839043294412967100e-01 -1.895332501574808690e-02
7.315277101542205784e-02 3.887931641977492719e-03
4.309434991289962102e-01 5.356799154541677654e-02
2.708874853414970918e-01 -1.736029145376275298e-03
-5.298085768042064547e-01 -2.798731496660555873e-02
8.995719739319545383e-01 -7.934891948082837404e-04
-1.312985984510359749e-01 3.265283583509156259e-03
-9.403356336745134492e-01 -3.001831200930591120e-03
-9.326205981611948026e-01 -9.295026367010801593e-03
1.644857491259743565e-01 -1.734404973340204596e-03
7.690427391852214800e-01 1.812280226799693403e-02
8.994912122589855397e-01 4.609899967119547408e-03
7.069146822177985179e-02 -8.833104720972191279e-03
-8.597300308990045714e-01 -7.242004145004012072e-03
3.490994322306535391e-01 3.849110139492777777e-02
-6.716396947675340456e-01 -4.993327329576407320e-02
4.418447825261395678e-01 3.611230607401731685e-02
2.037118378732865054e-01 2.580314387980365935e-03
-6.513823876284625669e-01 -3.344450536543332186e-02
-6.953898861404539389e-02 4.166692412547205217e-03
-4.795199771654161669e-01 -3.225677002578547503e-02
7.609722343372085085e-01 1.141669527931389247e-02
1.648785354610760034e-01 5.614053039297171345e-03
4.657027412569054725e-01 3.955497107065359536e-02
9.394342388760703599e-01 2.191371978049726915e-02
9.221971781532543044e-01 7.739263599406600441e-03
9.011089014288353738e-02 6.996278100172140853e-04
2.166584713601227286e-02 -1.084944334733052573e-02
-3.614441883144845491e-01 -4.004621192560470222e-02
2.880778035937210380e-01 2.383471358246494129e-02
-7.238292757171322922e-01 -3.176752585252942684e-02
8.277650263346234549e-01 8.756253624913386963e-04
2.029160773750224855e-01 2.747949701101958658e-02
-7.897885145838010601e-01 -1.199517303506886234e-02
-4.165078666344417258e-01 -1.836908187063892098e-02
9.882697473597303883e-01 7.822017252867986652e-04
-6.149033874193119420e-01 -3.293792105900181927e-02
-2.174604135462938626e-01 -1.054220453535725799e-02
-9.458463020990472980e-01 -1.099667372429399825e-02
-8.145704900262173975e-01 1.965232871457616923e-03
7.650666051509931176e-01 2.661104606929808741e-02
-4.528561073400558801e-01 -2.934742252449178829e-02
-1.017178591382323916e-01 6.810074084375502407e-04
-8.728255379206739661e-01 -1.265701263399438871e-02
5.164579290207704787e-02 7.801240749148590468e-03
-7.199063034336965483e-01 -2.373427469288778846e-02
7.752997191932164966e-02 -5.143257015057598868e-04
-8.285657143819364912e-01 -2.582741480373439841e-02
-6.990959544363994915e-02 5.432388899900093479e-05
-1.232190974671036887e-01 4.882656199493752222e-03
6.092286452261221896e-01 2.991837321509939127e-02
2.884168015345873748e-01 2.317752818164233244e-02
-9.360171242651453838e-01 -2.057381754280185673e-02
1.638822888553370660e-02 -1.119695186147598442e-02
6.840379031191461401e-01 2.022201082167129210e-02
-7.539085729091026256e-01 -1.991731898926575595e-03
7.649954646125782798e-01 1.414524806926087744e-02
-2.660765426757620844e-01 -1.787191685555858042e-02
-6.158702888232787664e-01 -3.388340212548814068e-02
1.536364383967283587e-01 1.646628705843160290e-02
-1.778032751085238949e-01 3.480491074869584110e-03
-3.059104974220734352e-01 4.882986545074640555e-03
-8.167773869148657884e-01 -9.269343635969255757e-03
2.919160051748530549e-01 1.450479208344874343e-02
-6.242631443832176164e-01 -2.502785461090389560e-02
-1.215285023651202501e-01 -3.460567905930737181e-02
4.694630629700700108e-01 2.190236976438751648e-02
-2.088346281410931038e-01 -2.648076699432459075e-03
-4.692470231756793453e-01 -5.300751162952443973e-02
1.530075516102258337e-01 6.879311198242412870e-03
-7.789496672949860478e-01 -1.235871599049657467e-02
5.172433474097917205e-01 3.228726797405987586e-02
-3.827392119896901868e-01 -2.431330639546210731e-02
-6.820263333444027687e-01 -2.389526572021463333e-02
-4.627579709928877350e-01 -4.196728531101399928e-02
3.171099047282546213e-01 3.637197312353061818e-02
-6.136592590732248276e-01 -4.104221845462253937e-02
-2.037937170492205574e-01 -1.131038811624406580e-02
-9.916014353558704197e-01 8.408630757911393638e-03
-8.899459984294801895e-01 -1.778013443762424539e-02
-9.618422832971451619e-01 -9.340037248856236651e-03
8.072272636307693539e-01 6.297437682643109054e-03
-9.752500483229675776e-01 -1.766017189237070392e-03
-3.677169329162901512e-01 -3.317118601686970536e-02
-1.403562330446175288e-01 -7.390891322039544464e-03
8.798325369060102652e-01 4.639314283813538928e-03
-7.114336171279989074e-02 -4.090096221600699258e-03
-9.160144869339403861e-02 -2.120546496596131467e-03
2.410653587036912793e-01 8.357681635610890794e-03
-6.357716008785090356e-01 -3.746768963677157838e-02
4.272721086561528381e-01 3.627972798893787376e-02
4.183510946137345421e-01 3.266901940985797448e-02
-3.517972486364340234e-02 1.022629821875601155e-02
9.509158591307278474e-01 1.048420783132594097e-02
-4.727657336374182506e-01 -4.178988410614385696e-02
2.180839911982870305e-01 1.097658799412253375e-02
-3.012405779712379328e-02 -1.585529780698831034e-02
-5.062657417075480115e-01 -4.565088687842328019e-02
7.243930798492301815e-01 2.334779244388713801e-02
-5.887676047634726739e-01 -2.625120097523299736e-02
-5.584886905227197662e-01 -2.689326916653994939e-02
3.858428415904837649e-01 2.137483724852507622e-02
1.032601665587173922e-01 9.392096323476912742e-03
-5.910962831448645094e-01 -2.508419163661010365e-02
8.733273482864012394e-03 -1.992416251106650556e-03
-7.016192642658154455e-01 -2.845503579573397529e-02
-2.864590601031626882e-01 6.710771626045761162e-03
-9.805451100701216838e-01 -2.412088022120066969e-02
-1.585166417806400663e-01 -3.969872869892422142e-03
-5.387687355670414124e-01 -3.458261161934070294e-02
-2.645752914189789529e-01 -2.764057485842592171e-03
5.373693594259378870e-01 3.439789090869481425e-02
-3.481221201518900354e-01 -2.220916330761053825e-02
-8.070464355818518509e-01 -2.178194797778264247e-02
2.045336181062218373e-01 3.420692030417572457e-03
8.772991769354667735e-01 1.414171925100956781e-02
2.611021418791417137e-01 1.693148400799107667e-03
8.162357880893567064e-01 2.223592444649062291e-03
-9.535725194791111470e-02 -7.458272078170356638e-03
1.007778797360441292e-01 8.079878481456923348e-03
-3.730422186005415419e-01 -9.955218842087783238e-04
1.583502359386561587e-01 3.061343157273320459e-03
1.219922358741465374e-03 1.047477078818055511e-02
-2.545764760498356871e-01 -9.915411749968813457e-03
8.239458976719242767e-01 1.382977064150009601e-02
9.804316626740987584e-01 1.319730045116234568e-02
2.844217396335684267e-01 -1.011417245765956763e-04
1.460707041008060258e-01 1.912847585458255992e-02
8.407155986949244042e-01 1.856022954576807410e-02
-8.777255565590653674e-01 5.427694498254413691e-03
4.121455638235649310e-01 2.143019603768110334e-02
-7.235753704506064921e-02 -1.518002010781055802e-03
4.506002992065378798e-01 5.148329520593811909e-02
-6.735326344068814919e-01 -3.986044630587532583e-02
1.239178562844591713e-01 -1.966226683780073620e-02
-6.505738835028884726e-01 -3.193941493276107602e-02
-2.407699032476708911e-01 -1.056440088524830678e-02
-3.927697815072495047e-02 -3.805546138888888600e-03
-5.050693070508451843e-01 -3.079787572396350606e-02
-1.949870187649909159e-01 -5.758024425546503025e-04
3.156353049988869230e-01 2.381755774964097391e-02
-6.901799996513569013e-02 -1.186802848888856600e-02
7.844694403664433935e-01 2.122980414076437727e-02
7.879140012226895085e-01 1.760680833384613633e-03
1.601748928876505218e-01 1.070659049836422683e-02
2.751244787298048333e-01 1.546507551671547596e-02
-7.593917907651259736e-01 -2.292456175319894374e-02
9.943473656538581729e-01 -8.143014630235929918e-03
4.849377794363207705e-02 -1.151006941307640549e-03
-8.456088150704865747e-02 -5.538495860524485920e-03
-1.049932096880272780e-01 -7.152367721245948134e-03
-2.248430455970740205e-01 -1.090716476115734072e-02
9.182073507025840797e-01 3.227731629036813266e-03
3.910500222017294636e-01 3.695641288863217577e-02
3.388651787537912963e-01 2.284059017384702447e-02
9.030793871344775514e-01 -4.401332824685286194e-03
7.092726297286016113e-01 1.105207958278042225e-02
7.391574950363817287e-01 2.807845737657490431e-02
-3.695251707507838379e-01 -2.121085111785240424e-02
8.029577948234802864e-01 1.213519363472708237e-02
9.195754447035837664e-01 4.456027369998121108e-03
7.284925924591445501e-01 1.456276131090175618e-02
-5.470210370448769233e-02 -4.670777609702383287e-03
1.886487129799192530e-01 6.270406869642734630e-03
4.148353878059702904e-01 3.199997533673840100e-02
